date,stock_id,Trading_Volume,Trading_money,open,max,min,close,spread,Trading_turnover
2013-09-12,3706,2751844,56687939,20.6,20.6,20.6,20.6,0.0,1215
2013-09-13,3706,19530265,422092504,22.0,22.0,21.0,21.0,0.4,6861
2013-09-14,3706,4997194,103402216,21.0,21.2,20.45,20.55,-0.45,2100
2013-09-16,3706,5281450,107846087,20.6,20.85,20.25,20.25,-0.3,1995
2013-09-17,3706,5249110,107653027,20.25,20.75,20.05,20.5,0.25,1899
2013-09-18,3706,3801987,78002962,20.5,20.65,20.35,20.4,-0.1,1300
2013-09-23,3706,2930101,59831452,20.6,20.6,20.3,20.3,-0.1,1062
2013-09-24,3706,6558659,134804280,20.35,20.9,20.2,20.9,0.6,2453
2013-09-25,3706,3713532,76897029,20.9,20.95,20.6,20.6,-0.3,1082
2013-09-26,3706,12870512,271182669,20.7,21.55,20.4,21.4,0.8,3931
2013-09-27,3706,29882116,667971923,21.8,22.85,21.75,22.85,1.45,8453
2013-09-30,3706,40150963,959534503,23.35,24.4,23.3,24.4,1.55,11115
2013-10-01,3706,35950522,882132695,24.8,25.15,23.9,23.9,-0.5,10841
2013-10-02,3706,20928491,512680908,24.1,24.8,24.1,24.4,0.5,6080
2013-10-03,3706,25880898,668638519,24.8,26.1,24.8,26.1,1.7,7508
2013-10-04,3706,44548630,1182972055,26.4,27.1,25.8,26.8,0.7,13017
2013-10-07,3706,33274747,933174428,27.6,28.55,27.3,28.5,1.7,11877
2013-10-08,3706,23080556,647658923,28.6,28.7,27.5,27.95,-0.55,8075
2013-10-09,3706,28511853,782054505,27.6,28.6,26.35,26.8,-1.15,9374
2013-10-11,3706,24155447,654463897,27.45,27.75,26.3,27.2,0.4,8500
2013-10-14,3706,12108715,326276492,27.4,27.65,26.55,26.85,-0.35,4701
2013-10-15,3706,34391227,966210761,27.2,28.7,27.05,28.7,1.85,11031
2013-10-16,3706,36127517,1054449170,28.7,29.8,28.45,28.75,0.05,12762
2013-10-17,3706,21894028,630449908,29.3,29.45,28.15,28.95,0.2,7602
2013-10-18,3706,13194472,382373630,29.0,29.4,28.7,28.95,0.0,4425
2013-10-21,3706,22612935,670493630,29.2,30.0,28.9,29.3,0.35,7645
2013-10-22,3706,12496469,365877243,29.3,29.7,28.9,29.25,-0.05,4124
2013-10-23,3706,14272814,412956380,29.35,29.5,28.5,28.5,-0.75,4876
2013-10-24,3706,8774131,252327987,28.8,29.3,28.4,28.4,-0.1,3684
2013-10-25,3706,18668792,514166798,28.2,28.3,27.15,27.3,-1.1,6867
2013-10-28,3706,10993160,294936235,27.3,27.7,26.5,26.75,-0.55,4342
2013-10-29,3706,6436854,175378605,26.85,27.5,26.85,27.15,0.4,2547
2013-10-30,3706,8403578,231661648,27.5,27.9,27.05,27.4,0.25,3142
2013-10-31,3706,10442829,288082083,27.35,28.15,27.0,27.0,-0.4,3806
2013-11-01,3706,14026840,371518381,27.05,27.4,26.1,26.15,-0.85,5139
2013-11-04,3706,17117257,436011132,26.0,26.25,24.8,26.0,-0.15,6292
2013-11-05,3706,8216019,212915720,26.0,26.4,25.4,25.85,-0.15,3045
2013-11-06,3706,9050296,234841627,26.1,26.3,25.55,25.65,-0.2,3004
2013-11-07,3706,10521199,263451882,25.7,25.8,24.55,25.0,-0.65,3620
2013-11-08,3706,9010834,228012999,25.0,25.7,24.5,25.15,0.15,3775
2013-11-11,3706,11482674,299733087,25.7,26.4,25.55,26.3,1.15,4384
2013-11-12,3706,6983268,181329584,26.5,26.5,25.6,25.65,-0.65,3344
2013-11-13,3706,5230147,134728695,25.75,26.3,25.3,25.45,-0.2,2108
2013-11-14,3706,5304601,133557228,25.6,25.7,24.9,25.05,-0.4,2365
2013-11-15,3706,10146786,250741417,25.25,25.6,24.2,24.2,-0.85,4040
2013-11-18,3706,15905665,370139194,24.2,24.45,22.55,22.9,-1.3,6241
2013-11-19,3706,12250012,288902353,22.9,23.85,22.8,23.8,0.9,3954
2013-11-20,3706,5618923,132687691,23.8,24.05,23.25,23.3,-0.5,2234
2013-11-21,3706,4480434,102434928,23.1,23.2,22.6,22.8,-0.5,1737
2013-11-22,3706,3570279,82348467,23.05,23.3,22.9,23.0,0.2,1435
2013-11-25,3706,3647158,84315484,23.3,23.45,22.9,23.0,0.0,1194
2013-11-26,3706,10252939,244082636,23.0,24.35,22.9,24.0,1.0,3984
2013-11-27,3706,13597735,333541372,24.2,24.9,23.95,24.7,0.7,4696
2013-11-28,3706,10713523,265652856,24.85,25.2,24.45,25.05,0.35,3624
2013-11-29,3706,11057149,278903675,25.1,25.5,24.8,25.05,0.0,4035
2013-12-02,3706,8025034,196014143,25.0,25.05,24.15,24.2,-0.85,3375
2013-12-03,3706,4045834,97774186,24.2,24.45,24.0,24.1,-0.1,1646
2013-12-04,3706,13175371,331602320,24.05,25.75,24.05,25.75,1.65,4681
2013-12-05,3706,27455632,726516032,26.3,27.0,26.0,26.0,0.25,9591
2013-12-06,3706,7913913,204277250,26.0,26.3,25.55,25.6,-0.4,3215
2013-12-09,3706,6008647,153024386,25.95,25.95,25.0,25.0,-0.6,2385
2013-12-10,3706,9785663,259497387,25.8,26.75,25.8,26.75,1.75,2766
2013-12-11,3706,23468169,626075942,26.95,27.25,25.65,25.9,-0.85,7645
2013-12-12,3706,6011142,156541769,25.7,26.35,25.65,26.05,0.15,2636
2013-12-13,3706,9694697,256288821,26.05,26.8,25.9,26.15,0.1,3808
2013-12-16,3706,5140720,133750581,26.35,26.65,25.75,25.8,-0.35,2241
2013-12-17,3706,5416565,141198850,26.0,26.45,25.8,25.8,0.0,2508
2013-12-18,3706,8175504,213542181,26.0,26.45,25.8,25.8,0.0,3220
2013-12-19,3706,5969342,156074249,26.3,26.45,25.95,25.95,0.15,2404
2013-12-20,3706,4811786,124304189,25.95,26.15,25.65,25.65,-0.3,1654
2013-12-23,3706,13703093,363454485,26.1,26.8,25.95,26.6,0.95,4890
2013-12-24,3706,9220287,247305460,26.9,27.1,26.6,26.6,0.0,3446
2013-12-25,3706,7846777,210938764,26.7,27.1,26.7,26.75,0.15,2700
2013-12-26,3706,4881830,130529857,26.95,26.95,26.6,26.75,0.0,1771
2013-12-27,3706,12907732,351075632,26.9,27.45,26.7,27.1,0.35,4630
2013-12-30,3706,30997803,874981479,27.6,28.85,27.55,28.8,1.7,9765
2013-12-31,3706,38283497,1110046016,29.0,29.5,28.4,28.8,0.0,12711
2014-01-02,3706,18127497,528931090,29.1,29.7,28.8,28.85,0.05,6565
2014-01-03,3706,10641451,307524217,28.9,29.4,28.5,28.75,-0.1,4126
2014-01-06,3706,15519953,435729778,28.8,29.0,27.6,27.7,-1.05,5718
2014-01-07,3706,22766594,652976626,27.8,29.2,27.8,29.15,1.45,7062
2014-01-08,3706,36622052,1099040022,30.0,30.5,29.55,29.65,0.5,11789
2014-01-09,3706,13515132,394304043,29.65,29.85,28.7,28.7,-0.95,5256
2014-01-10,3706,10139789,289125136,28.6,29.05,28.2,28.3,-0.4,3624
2014-01-13,3706,8539965,240845535,28.5,28.6,27.9,28.05,-0.25,3242
2014-01-14,3706,8097857,229365098,27.9,28.6,27.8,28.2,0.15,3061
2014-01-15,3706,10851223,309233359,28.3,28.95,28.2,28.25,0.05,4025
2014-01-16,3706,21062635,578793909,28.3,28.45,26.7,26.85,-1.4,7095
2014-01-17,3706,16743181,443459757,26.85,27.05,26.2,26.35,-0.5,5662
2014-01-20,3706,8463720,224799710,26.1,26.9,26.1,26.65,0.3,3211
2014-01-21,3706,4495699,119144731,26.9,26.9,26.3,26.4,-0.25,1706
2014-01-22,3706,12362003,335176344,26.5,27.6,26.45,27.5,1.1,4700
2014-01-23,3706,8541000,234935782,27.8,27.95,27.0,27.0,-0.5,3290
2014-01-24,3706,3926546,106189641,27.0,27.3,26.9,26.95,-0.05,1548
2014-01-27,3706,4547348,120453623,26.6,26.7,26.35,26.35,-0.6,1806
2014-02-05,3706,4123717,108887617,25.8,26.75,25.65,26.75,0.4,1781
2014-02-06,3706,3610089,97471326,26.9,27.25,26.8,26.95,0.2,1853
2014-02-07,3706,4488597,122475175,27.3,27.6,27.0,27.3,0.35,1903
2014-02-10,3706,5322771,145634010,27.5,27.8,27.0,27.0,-0.3,1984
2014-02-11,3706,3824355,104075538,27.0,27.4,27.0,27.2,0.2,1364
2014-02-12,3706,3865082,104884497,27.35,27.4,27.0,27.1,-0.1,1337
2014-02-13,3706,2788352,75061379,27.1,27.3,26.7,26.7,-0.4,1194
2014-02-14,3706,4360223,116440143,27.0,27.15,26.35,26.35,-0.35,1577
2014-02-17,3706,3516904,92301723,26.5,26.65,26.05,26.15,-0.2,1296
2014-02-18,3706,4066729,106840303,26.15,26.55,26.0,26.55,0.4,1572
2014-02-19,3706,6500311,175426211,26.45,27.3,26.45,27.2,0.65,2642
2014-02-20,3706,15193920,418840450,27.3,28.0,27.0,27.85,0.65,5798
2014-02-21,3706,14187023,398047097,27.95,28.5,27.3,27.45,-0.4,5149
2014-02-24,3706,4021124,109530598,27.45,27.65,27.0,27.1,-0.35,1682
2014-02-25,3706,4523052,123945029,27.3,27.65,27.15,27.15,0.05,1590
2014-02-26,3706,4023548,109651275,27.15,27.55,27.1,27.1,-0.05,1472
2014-02-27,3706,4021606,109185162,27.3,27.35,27.0,27.1,0.0,1499
2014-03-03,3706,3592075,96504283,27.0,27.0,26.75,26.8,-0.3,1380
2014-03-04,3706,8621539,233432160,26.8,27.35,26.8,27.3,0.5,2951
2014-03-05,3706,22514276,629559919,27.5,28.3,27.45,28.05,0.75,7065
2014-03-06,3706,16740224,470392365,28.2,28.4,27.7,28.3,0.25,4863
2014-03-07,3706,42582162,1229761162,28.6,29.3,28.5,28.7,0.4,12289
2014-03-10,3706,33159013,967630861,29.3,29.6,28.6,28.7,0.0,10246
2014-03-11,3706,9593632,272022282,28.7,28.7,28.05,28.25,-0.45,3457
2014-03-12,3706,5170251,146339082,28.1,28.75,28.1,28.15,-0.1,2148
2014-03-13,3706,4670786,131998258,28.3,28.5,28.05,28.05,-0.1,1930
2014-03-14,3706,11787603,335131913,27.6,28.75,27.6,28.65,0.6,3883
2014-03-17,3706,15358598,444487078,28.65,29.2,28.55,28.75,0.1,5423
2014-03-18,3706,16439635,481739477,29.2,29.65,29.0,29.0,0.25,5551
2014-03-19,3706,15085192,437893805,29.65,29.7,28.4,28.6,-0.4,4930
2014-03-20,3706,4910394,138724054,28.05,28.55,28.05,28.15,-0.45,2224
2014-03-21,3706,6386914,180658183,28.2,28.5,27.8,28.5,0.35,2690
2014-03-24,3706,4305537,120857872,28.3,28.4,27.65,28.1,-0.4,1811
2014-03-25,3706,5587263,159585834,28.1,28.7,28.1,28.6,0.5,1937
2014-03-26,3706,7975668,230978882,28.9,29.3,28.6,28.8,0.2,3020
2014-03-27,3706,23113589,676869782,28.8,29.55,28.8,29.45,0.65,6894
2014-03-28,3706,24055874,687975404,29.5,29.6,27.8,27.85,-1.6,9006
2014-03-31,3706,4946590,139461715,28.05,28.35,27.95,28.3,0.45,1991
2014-04-01,3706,3941176,111252717,28.3,28.5,28.05,28.1,-0.2,1779
2014-04-02,3706,4765564,134075492,28.5,28.5,28.0,28.0,-0.1,1933
2014-04-03,3706,5715766,159120477,28.0,28.2,27.7,27.8,-0.2,2671
2014-04-07,3706,13341862,380606228,28.2,28.85,28.1,28.4,0.6,4609
2014-04-08,3706,4226282,119143530,28.4,28.4,28.05,28.15,-0.25,1988
2014-04-09,3706,5514164,155957344,28.15,28.55,28.05,28.35,0.2,2352
2014-04-10,3706,6256948,176227244,28.4,28.7,27.85,28.1,-0.25,2331
2014-04-11,3706,4991411,138210829,27.9,27.95,27.5,27.65,-0.45,2069
2014-04-14,3706,5583312,152817589,28.0,28.05,27.1,27.15,-0.5,2137
2014-04-15,3706,3211772,87618230,27.25,27.5,27.15,27.25,0.1,1460
2014-04-16,3706,2812303,76574300,27.25,27.4,27.05,27.3,0.05,1431
2014-04-17,3706,2568647,70202692,27.35,27.45,27.25,27.35,0.05,1164
2014-04-18,3706,4360901,118423881,27.5,27.5,26.85,27.0,-0.35,1679
2014-04-21,3706,3872956,103379296,26.95,26.95,26.55,26.8,-0.2,2002
2014-04-22,3706,2684628,72674264,26.9,27.3,26.8,27.0,0.2,1304
2014-04-23,3706,2216028,59721858,27.05,27.25,26.8,26.8,-0.2,1093
2014-04-24,3706,2468257,66166297,27.0,27.1,26.65,26.65,-0.15,997
2014-04-25,3706,9538315,242607675,26.65,26.8,24.8,24.9,-1.75,3854
2014-04-28,3706,5859383,141744304,23.6,24.8,23.5,24.6,-0.3,2605
2014-04-29,3706,2654175,66184675,24.75,25.2,24.75,25.0,0.4,1224
2014-04-30,3706,3466413,85830662,25.05,25.2,24.4,24.4,-0.6,1640
2014-05-02,3706,3320092,83105533,24.55,25.2,24.55,25.2,0.8,1536
2014-05-05,3706,1518468,38098756,25.2,25.3,24.95,25.1,-0.1,706
2014-05-06,3706,1921417,47975158,25.1,25.15,24.85,24.9,-0.2,864
2014-05-07,3706,3308627,83256949,24.9,25.4,24.9,25.3,0.4,2444
2014-05-08,3706,3518790,89354807,25.3,25.7,25.15,25.7,0.4,1330
2014-05-09,3706,6160572,161024978,26.3,26.4,25.9,26.1,0.4,2339
2014-05-12,3706,2239027,58114435,26.1,26.2,25.75,26.0,-0.1,909
2014-05-13,3706,3688140,95309012,26.0,26.2,25.55,26.0,0.0,1204
2014-05-14,3706,1801267,46407653,26.0,26.0,25.65,25.8,-0.2,878
2014-05-15,3706,8629154,215094751,25.15,25.35,24.6,25.15,-0.65,2797
2014-05-16,3706,3490579,86493524,24.75,25.05,24.6,25.0,-0.15,1641
2014-05-19,3706,1338590,33598045,24.9,25.3,24.8,25.15,0.15,619
2014-05-20,3706,3910400,98253205,25.15,25.45,24.95,25.2,0.05,1121
2014-05-21,3706,2552514,63735800,25.1,25.15,24.85,25.1,-0.1,820
2014-05-22,3706,1813463,45475453,25.1,25.2,24.95,25.2,0.1,646
2014-05-23,3706,4600813,117820105,25.3,25.8,25.1,25.8,0.6,1655
2014-05-26,3706,3042211,78633597,25.8,26.1,25.75,25.85,0.05,1049
2014-05-27,3706,1883246,48292656,25.85,25.85,25.5,25.6,-0.25,745
2014-05-28,3706,2200218,56762269,25.6,26.1,25.6,25.75,0.15,1013
2014-05-29,3706,5101038,132417760,25.75,26.3,25.45,26.25,0.5,1962
2014-05-30,3706,5906675,156167048,26.35,26.75,26.25,26.25,0.0,1958
2014-06-03,3706,3008590,79099752,26.55,26.6,26.15,26.25,0.0,984
2014-06-04,3706,2528177,66173402,26.3,26.35,26.1,26.1,-0.15,853
2014-06-05,3706,3157257,81821025,26.1,26.15,25.8,26.0,-0.1,1087
2014-06-06,3706,2237978,58184160,26.0,26.2,25.8,26.05,0.05,908
2014-06-09,3706,3127920,82190470,26.2,26.55,26.05,26.15,0.1,939
2014-06-10,3706,4714972,125085289,26.45,26.85,26.3,26.3,0.15,1503
2014-06-11,3706,2382339,62954208,26.35,26.6,26.25,26.35,0.05,901
2014-06-12,3706,5085283,135185656,26.35,26.8,26.2,26.75,0.4,1599
2014-06-13,3706,7969041,213935472,26.8,27.0,26.7,26.7,-0.05,2447
2014-06-16,3706,2533271,67286318,26.7,26.9,26.35,26.4,-0.3,954
2014-06-17,3706,1667055,43871652,26.4,26.6,26.15,26.2,-0.2,840
2014-06-18,3706,2401550,62846907,26.25,26.4,26.05,26.05,-0.15,1267
2014-06-19,3706,1663882,43780142,26.15,26.45,26.15,26.3,0.25,724
2014-06-20,3706,2221107,58284524,26.2,26.5,26.1,26.2,-0.1,741
2014-06-23,3706,3944643,102265746,26.1,26.55,25.55,25.7,-0.5,1257
2014-06-24,3706,2205509,57123455,25.7,26.2,25.7,26.2,0.5,912
2014-06-25,3706,11024981,297127567,26.6,27.3,26.45,26.8,0.6,3992
2014-06-26,3706,3994603,106743688,27.0,27.0,26.55,26.6,-0.2,1443
2014-06-27,3706,5642718,151956407,26.6,27.1,26.6,26.75,0.15,1868
2014-06-30,3706,2458761,66260174,27.2,27.2,26.8,26.85,0.1,948
2014-07-01,3706,4157149,112391023,26.85,27.15,26.85,27.15,0.3,1416
2014-07-02,3706,4888521,132127081,27.25,27.25,26.85,27.05,-0.1,1524
2014-07-03,3706,8391873,229504962,27.05,27.7,26.95,27.35,0.3,2471
2014-07-04,3706,6095976,167158917,27.5,27.7,27.25,27.35,0.0,2080
2014-07-07,3706,4696911,127205324,27.35,27.6,26.9,27.05,-0.3,1197
2014-07-08,3706,3314242,88846501,26.95,27.05,26.75,26.8,-0.25,1070
2014-07-09,3706,1949027,52017201,26.7,26.9,26.6,26.75,-0.05,794
2014-07-10,3706,5106626,135113646,26.75,26.75,26.3,26.5,-0.25,1653
2014-07-11,3706,4920835,128025233,26.2,26.4,25.55,26.1,-0.4,1516
2014-07-14,3706,2005083,52504897,26.0,26.4,26.0,26.4,0.3,809
2014-07-15,3706,7468059,200570846,26.55,27.15,26.5,26.7,0.3,2407
2014-07-16,3706,2505746,66235275,26.65,26.7,26.2,26.55,-0.15,1054
2014-07-17,3706,3170278,83393502,26.5,26.65,26.15,26.45,-0.1,1086
2014-07-18,3706,1362193,35815037,26.2,26.4,26.2,26.3,-0.15,520
2014-07-21,3706,1135524,29787506,26.4,26.4,26.15,26.2,-0.1,473
2014-07-22,3706,1465575,38406142,26.2,26.3,26.1,26.2,0.0,597
2014-07-24,3706,1627607,42734396,26.4,26.4,26.2,26.3,0.1,720
2014-07-25,3706,2606358,68244656,26.35,26.4,26.05,26.3,0.0,1003
2014-07-28,3706,3626443,94884726,26.3,26.3,25.95,26.2,-0.1,913
2014-07-29,3706,4258256,108391862,25.7,25.9,25.05,25.55,0.0,1244
2014-07-30,3706,2202117,56448064,25.6,25.9,25.25,25.55,0.0,746
2014-07-31,3706,2712382,69094838,25.6,25.85,25.35,25.5,-0.05,822
2014-08-01,3706,1339952,33740626,25.2,25.35,25.05,25.35,-0.15,497
2014-08-04,3706,827265,20878669,25.4,25.4,25.1,25.25,-0.1,332
2014-08-05,3706,1020545,25770647,25.15,25.45,25.15,25.25,0.0,361
2014-08-06,3706,1615756,40433781,25.2,25.35,24.65,25.2,-0.05,655
2014-08-07,3706,1102958,27574100,25.2,25.25,24.85,25.05,-0.15,469
2014-08-08,3706,1925663,47478999,25.0,25.0,24.3,25.0,-0.05,785
2014-08-11,3706,696633,17496025,25.1,25.2,25.0,25.05,0.05,327
2014-08-12,3706,1413001,35629710,25.25,25.35,25.1,25.1,0.05,538
2014-08-13,3706,1112292,28086579,25.3,25.35,25.15,25.25,0.15,478
2014-08-14,3706,809616,20390400,25.4,25.4,25.05,25.05,-0.2,406
2014-08-15,3706,1297671,32363475,25.0,25.1,24.8,25.1,0.05,435
2014-08-18,3706,1165147,28911142,25.15,25.15,24.55,24.95,-0.15,505
2014-08-19,3706,1363907,34195763,25.1,25.25,24.95,24.95,0.0,391
2014-08-20,3706,803361,20054482,25.1,25.15,24.8,24.95,0.0,431
2014-08-21,3706,1060247,26308105,25.0,25.0,24.7,24.9,-0.05,382
2014-08-22,3706,1739985,43598825,24.9,25.3,24.85,25.1,0.2,794
2014-08-25,3706,625457,15710075,25.1,25.2,24.95,25.15,0.05,399
2014-08-26,3706,3000682,76488736,25.2,25.85,25.05,25.75,0.6,1096
2014-08-27,3706,2098242,54196453,25.85,26.0,25.7,25.8,0.05,1010
2014-08-28,3706,2195856,57113907,25.75,26.15,25.75,25.9,0.1,1000
2014-08-29,3706,740853,19160150,25.9,25.95,25.8,25.85,-0.05,428
2014-09-01,3706,2365549,61802674,25.85,26.25,25.85,26.1,0.25,991
2014-09-02,3706,4755508,124928266,26.2,26.45,26.05,26.05,-0.05,1838
2014-09-03,3706,1423144,36817386,26.0,26.1,25.75,25.8,-0.25,672
2014-09-04,3706,776184,19990270,25.8,25.9,25.65,25.8,0.0,449
2014-09-05,3706,1059024,27276650,25.7,25.95,25.65,25.7,-0.1,449
2014-09-09,3706,945232,24260567,25.7,25.75,25.6,25.6,-0.1,341
2014-09-10,3706,1605749,40582916,25.5,25.6,25.15,25.25,-0.35,667
2014-09-11,3706,1953168,49506922,25.25,25.55,25.15,25.25,0.0,861
2014-09-12,3706,998855,25098606,25.25,25.4,25.05,25.05,-0.2,416
2014-09-15,3706,1312418,32786691,25.05,25.1,24.9,25.05,0.0,502
2014-09-16,3706,1181566,29386066,25.2,25.2,24.75,25.05,0.0,552
2014-09-17,3706,1252365,31229080,25.05,25.15,24.75,25.0,-0.05,667
2014-09-18,3706,730857,18198128,25.0,25.05,24.85,24.95,-0.05,282
2014-09-19,3706,866893,21563881,25.0,25.0,24.8,24.95,0.0,353
2014-09-22,3706,881077,21826896,24.85,24.9,24.7,24.9,-0.05,388
2014-09-23,3706,755096,18809823,24.9,25.05,24.7,24.9,0.0,327
2014-09-24,3706,1680266,42408417,24.9,25.4,24.8,25.2,0.3,828
2014-09-25,3706,1921048,47800775,25.2,25.25,24.7,24.95,-0.25,591
2014-09-26,3706,11477933,295303108,24.5,26.2,24.5,26.1,1.15,3744
2014-09-29,3706,5880452,148740012,25.95,25.95,24.95,25.1,-1.0,2006
2014-09-30,3706,5466546,135721950,25.1,25.2,24.4,25.1,0.0,1946
2014-10-01,3706,1175725,29445589,25.15,25.2,24.85,24.9,-0.2,580
2014-10-02,3706,1243410,31078746,24.9,25.15,24.8,24.9,0.0,614
2014-10-03,3706,1551965,38960075,25.0,25.2,25.0,25.05,0.15,512
2014-10-06,3706,1166504,29122306,25.0,25.15,24.9,24.9,-0.15,464
2014-10-07,3706,1502855,37183805,24.85,24.9,24.65,24.8,-0.1,719
2014-10-08,3706,885395,21866107,24.7,24.9,24.6,24.65,-0.15,366
2014-10-09,3706,1656914,40636442,24.7,24.9,24.4,24.45,-0.2,601
2014-10-13,3706,3386326,80127733,23.85,24.1,23.1,23.75,-0.7,1306
2014-10-14,3706,1142297,27307586,23.75,24.1,23.55,24.0,0.25,657
2014-10-15,3706,1494980,35298169,24.0,24.0,23.4,23.55,-0.45,751
2014-10-16,3706,2348833,54217384,23.05,23.55,22.75,23.55,0.0,897
2014-10-17,3706,1312063,30655062,23.55,23.55,23.05,23.55,0.0,685
2014-10-20,3706,934229,22207564,23.6,23.95,23.6,23.75,0.2,575
2014-10-21,3706,732074,17279878,23.75,23.75,23.5,23.55,-0.2,388
2014-10-22,3706,867390,20571077,23.75,23.8,23.6,23.8,0.25,463
2014-10-23,3706,566609,13367559,23.65,23.75,23.5,23.65,-0.15,353
2014-10-24,3706,801888,18773843,23.75,23.75,23.25,23.35,-0.3,530
2014-10-27,3706,1145995,26314062,23.5,23.5,22.8,22.8,-0.55,511
2014-10-28,3706,922079,21217167,23.15,23.2,22.9,23.1,0.3,459
2014-10-29,3706,1684211,39478569,23.2,23.65,23.15,23.45,0.35,646
2014-10-30,3706,725338,16876930,23.4,23.5,23.2,23.3,-0.15,384
2014-10-31,3706,992309,23161382,23.35,23.5,23.25,23.5,0.2,379
2014-11-03,3706,903821,21233744,23.5,23.6,23.3,23.5,0.0,423
2014-11-04,3706,1149117,27202438,23.5,23.85,23.45,23.55,0.05,560
2014-11-05,3706,696840,16399688,23.6,23.7,23.45,23.45,-0.1,277
2014-11-06,3706,794065,18495150,23.45,23.65,23.15,23.3,-0.15,389
2014-11-07,3706,624699,14525544,23.15,23.4,23.15,23.3,0.0,294
2014-11-10,3706,560604,13147339,23.3,23.65,23.3,23.4,0.1,290
2014-11-11,3706,721993,16958530,23.65,23.65,23.4,23.5,0.1,377
2014-11-12,3706,828760,19240635,23.5,23.5,23.1,23.3,-0.2,412
2014-11-13,3706,512331,11854684,23.15,23.3,23.05,23.2,-0.1,309
2014-11-14,3706,1160942,27033543,23.2,23.5,23.05,23.4,0.2,553
2014-11-17,3706,3204989,73861447,23.25,23.5,22.8,23.1,-0.3,1104
2014-11-18,3706,1617162,36586735,23.1,23.1,22.4,22.55,-0.55,624
2014-11-19,3706,1508090,34054415,22.55,22.8,22.35,22.7,0.15,663
2014-11-20,3706,1123486,25346694,22.7,22.7,22.45,22.55,-0.15,551
2014-11-21,3706,895272,20183610,22.65,22.65,22.45,22.6,0.05,449
2014-11-24,3706,755532,16975798,22.6,22.65,22.4,22.4,-0.2,348
2014-11-25,3706,1354970,30239665,22.4,22.4,22.2,22.25,-0.15,583
2014-11-26,3706,907475,20263060,22.35,22.55,22.2,22.25,0.0,505
2014-11-27,3706,1063998,23877990,22.4,22.65,22.3,22.35,0.1,655
2014-11-28,3706,889372,19859499,22.2,22.5,22.2,22.5,0.15,456
2014-12-01,3706,1168232,25815367,21.9,22.3,21.8,22.1,-0.4,570
2014-12-02,3706,711448,15800766,22.2,22.35,22.1,22.2,0.1,370
2014-12-03,3706,1090706,24584929,22.2,22.7,22.2,22.55,0.35,594
2014-12-04,3706,964186,21871684,22.6,22.8,22.6,22.65,0.1,425
2014-12-05,3706,771835,17516403,22.7,22.8,22.6,22.7,0.05,379
2014-12-08,3706,614551,13943240,22.75,22.8,22.6,22.65,-0.05,265
2014-12-09,3706,530468,11960275,22.6,22.65,22.5,22.5,-0.15,263
2014-12-10,3706,992907,22208024,22.4,22.55,22.25,22.3,-0.2,477
2014-12-11,3706,702484,15677184,22.3,22.55,22.15,22.3,0.0,362
2014-12-12,3706,455232,10157246,22.25,22.45,22.25,22.25,-0.05,241
2014-12-15,3706,627194,13849105,22.15,22.25,21.95,22.25,0.0,350
2014-12-16,3706,624701,13900743,22.25,22.35,22.15,22.25,0.0,363
2014-12-17,3706,1331741,29408302,22.2,22.2,22.0,22.1,-0.15,649
2014-12-18,3706,2873006,64632274,22.15,22.75,22.15,22.7,0.6,848
2014-12-19,3706,8101570,185982196,22.8,23.15,22.55,22.6,-0.1,2010
2014-12-22,3706,1660432,37497410,22.6,22.75,22.55,22.55,-0.05,539
2014-12-23,3706,2421147,55533814,22.6,23.2,22.55,23.2,0.65,838
2014-12-24,3706,7370533,172338795,23.2,23.6,22.95,23.4,0.2,2424
2014-12-25,3706,2803463,65471677,23.55,23.6,23.25,23.25,-0.15,922
2014-12-26,3706,1181829,27518275,23.35,23.4,23.2,23.25,0.0,468
2014-12-27,3706,1012742,23615866,23.4,23.5,23.15,23.15,-0.1,366
2014-12-29,3706,1155283,27002811,23.45,23.5,23.3,23.3,0.15,536
2014-12-30,3706,863138,20093660,23.35,23.45,23.15,23.4,0.1,424
2014-12-31,3706,1042680,24303603,23.45,23.45,23.2,23.4,0.0,383
2015-01-05,3706,1195116,27905993,23.4,23.45,23.2,23.35,-0.05,486
2015-01-06,3706,1123749,25879627,23.2,23.25,22.9,23.0,-0.35,560
2015-01-07,3706,1667000,38681683,23.1,23.4,23.05,23.25,0.25,688
2015-01-08,3706,1467003,34113802,23.4,23.4,23.15,23.2,-0.05,493
2015-01-09,3706,6524530,155222511,23.4,24.1,23.4,23.65,0.45,2260
2015-01-12,3706,4664845,112461732,23.9,24.3,23.8,23.9,0.25,1662
2015-01-13,3706,3549001,85411706,24.1,24.3,23.85,24.3,0.4,1149
2015-01-14,3706,3372833,81518683,24.4,24.45,24.0,24.0,-0.3,1130
2015-01-15,3706,4506420,109830230,24.2,24.65,24.1,24.25,0.25,1582
2015-01-16,3706,2602244,62549066,24.4,24.4,23.85,23.9,-0.35,951
2015-01-19,3706,3554576,86517475,24.2,24.7,24.0,24.05,0.15,1305
2015-01-20,3706,1795627,43437361,24.35,24.35,24.1,24.1,0.05,662
2015-01-21,3706,1882099,45578068,24.3,24.5,24.05,24.2,0.1,582
2015-01-22,3706,1734867,41806008,24.25,24.3,24.0,24.05,-0.15,697
2015-01-23,3706,1472290,35529860,24.3,24.3,24.05,24.1,0.05,474
2015-01-26,3706,1675606,40058058,24.0,24.05,23.8,23.85,-0.25,621
2015-01-27,3706,1297238,30919226,23.95,24.05,23.75,23.8,-0.05,435
2015-01-28,3706,1778267,42722166,23.8,24.25,23.7,24.0,0.2,795
2015-01-29,3706,715562,17067811,24.0,24.0,23.8,23.8,-0.2,367
2015-01-30,3706,1572263,37551379,23.85,24.15,23.75,24.05,0.25,492
2015-02-02,3706,753072,17920097,24.0,24.05,23.7,23.7,-0.35,347
2015-02-03,3706,866013,20747596,24.2,24.2,23.75,23.75,0.05,429
2015-02-04,3706,1835496,43960116,23.9,24.15,23.75,23.95,0.2,561
2015-02-05,3706,3788958,91371070,24.0,24.3,23.75,24.3,0.35,943
2015-02-06,3706,6496415,157871660,24.45,24.45,24.05,24.05,-0.25,2071
2015-02-09,3706,1349135,32479933,24.2,24.2,23.95,24.2,0.15,483
2015-02-10,3706,2211861,53109828,24.2,24.3,23.8,23.8,-0.4,1037
2015-02-11,3706,1655176,39423195,23.95,23.95,23.7,23.7,-0.1,666
2015-02-12,3706,2411888,56861812,23.5,23.7,23.5,23.5,-0.2,726
2015-02-13,3706,2082543,49083668,23.6,23.7,23.5,23.5,0.0,558
2015-02-24,3706,991788,23498507,23.8,23.9,23.55,23.6,0.1,451
2015-02-25,3706,1635269,38628564,23.7,23.8,23.55,23.6,0.0,546
2015-02-26,3706,1204598,28498576,23.8,23.8,23.55,23.7,0.1,446
2015-03-02,3706,1248180,29456157,23.8,23.8,23.5,23.55,-0.15,542
2015-03-03,3706,1284671,30318357,23.55,23.7,23.5,23.5,-0.05,475
2015-03-04,3706,1080096,25448637,23.5,23.65,23.5,23.5,0.0,475
2015-03-05,3706,1351329,31780716,23.6,23.6,23.45,23.45,-0.05,531
2015-03-06,3706,1898789,44832350,23.5,23.75,23.45,23.65,0.2,675
2015-03-09,3706,740298,17417563,23.65,23.65,23.5,23.55,-0.1,334
2015-03-10,3706,11203642,280023049,24.8,25.15,24.6,25.15,1.6,3215
2015-03-11,3706,17407842,437092343,25.15,25.35,24.75,24.8,-0.35,4702
2015-03-12,3706,5346242,133103679,25.0,25.1,24.7,24.75,-0.05,1741
2015-03-13,3706,3901653,97277249,24.95,25.1,24.75,24.75,0.0,1437
2015-03-16,3706,2928829,71861663,24.6,24.8,24.35,24.4,-0.35,1145
2015-03-17,3706,2038787,49849555,24.5,24.6,24.4,24.4,0.0,756
2015-03-18,3706,3746268,92789802,24.6,24.95,24.5,24.65,0.25,1295
2015-03-19,3706,5367598,133205010,24.7,25.0,24.55,25.0,0.35,1640
2015-03-20,3706,3239831,80179076,24.85,24.9,24.6,24.6,-0.4,1130
2015-03-23,3706,2808025,69328631,24.65,24.9,24.5,24.5,-0.1,871
2015-03-24,3706,3240708,80270882,24.5,25.0,24.5,24.5,0.0,1010
2015-03-25,3706,2082366,51020613,24.8,24.8,24.35,24.4,-0.1,832
2015-03-26,3706,2718004,66027775,24.2,24.5,24.15,24.4,0.0,1003
2015-03-27,3706,3058402,73844256,24.4,24.5,24.05,24.05,-0.35,1052
2015-03-30,3706,2385982,57349918,24.1,24.3,23.9,24.05,0.0,748
2015-03-31,3706,2148667,51709124,24.1,24.3,23.95,24.3,0.25,979
2015-04-01,3706,1211458,29180142,24.15,24.25,24.0,24.05,-0.25,520
2015-04-02,3706,1741993,41927182,24.1,24.2,24.0,24.1,0.05,792
2015-04-07,3706,2594438,63218095,24.15,24.55,24.1,24.45,0.35,965
2015-04-08,3706,3642720,89604927,24.45,24.7,24.35,24.55,0.1,1028
2015-04-09,3706,2033545,49829475,24.7,24.7,24.3,24.3,-0.25,662
2015-04-10,3706,8930121,223322445,25.2,25.4,24.55,24.6,0.3,3004
2015-04-13,3706,2030972,50115096,24.8,24.85,24.55,24.6,0.0,883
2015-04-14,3706,1281480,31613945,24.6,24.75,24.6,24.65,0.05,540
2015-04-15,3706,1803347,44270554,24.7,24.8,24.35,24.4,-0.25,836
2015-04-16,3706,1775306,43665803,24.55,24.75,24.4,24.45,0.05,854
2015-04-17,3706,2381954,58661613,24.7,24.75,24.4,24.65,0.2,1080
2015-04-20,3706,2951690,72715086,24.65,24.85,24.4,24.4,-0.25,973
2015-04-21,3706,3265489,79275598,24.45,24.55,24.05,24.4,0.0,1051
2015-04-22,3706,1189926,29035137,24.45,24.5,24.25,24.4,0.0,508
2015-04-23,3706,1772952,43544001,24.4,24.7,24.4,24.7,0.3,936
2015-04-24,3706,5677504,141481978,24.8,25.05,24.7,24.75,0.05,1675
2015-04-27,3706,2270352,56310669,24.95,25.0,24.7,24.8,0.05,840
2015-04-28,3706,1737783,43123698,24.9,24.95,24.7,24.9,0.1,742
2015-04-29,3706,4633514,116095607,24.95,25.2,24.85,25.05,0.15,1625
2015-04-30,3706,2179608,54436306,25.05,25.1,24.9,25.05,0.0,869
2015-05-04,3706,1270077,31655135,25.1,25.1,24.8,24.8,-0.25,510
2015-05-05,3706,1256077,31268946,24.85,25.0,24.8,24.85,0.05,438
2015-05-06,3706,2636053,65824156,24.8,25.1,24.75,25.05,0.2,985
2015-05-07,3706,1612007,40152009,25.0,25.05,24.8,24.95,-0.1,626
2015-05-08,3706,9772692,248027366,24.95,25.75,24.85,25.25,0.3,3162
2015-05-11,3706,11892838,306566226,26.05,26.15,25.4,25.5,0.25,3413
2015-05-12,3706,6034152,152807671,25.5,25.8,25.05,25.8,0.3,1685
2015-05-13,3706,8062982,209515552,25.8,26.25,25.55,26.1,0.3,2555
2015-05-14,3706,5759387,150334655,26.2,26.25,25.85,26.2,0.1,1954
2015-05-15,3706,4377936,114355965,26.3,26.35,26.0,26.15,-0.05,1519
2015-05-18,3706,3909815,102113310,26.3,26.3,26.0,26.2,0.05,1243
2015-05-19,3706,17564834,480825948,26.75,27.7,26.7,27.45,1.25,5904
2015-05-20,3706,8194666,224869909,27.6,27.65,27.2,27.25,-0.2,2954
2015-05-21,3706,6191783,168376476,27.1,27.65,26.75,27.3,0.05,2233
2015-05-22,3706,21958365,614528968,27.7,28.4,27.4,27.6,0.3,5825
2015-05-25,3706,20200288,571200301,27.9,28.65,27.7,28.35,0.75,5546
2015-05-26,3706,10947500,308791500,28.4,28.6,27.85,28.3,-0.05,4218
2015-05-27,3706,13354984,381802247,28.3,28.8,28.3,28.6,0.3,4008
2015-05-28,3706,13551721,392831237,28.8,29.25,28.7,28.8,0.2,4477
2015-05-29,3706,6578125,190452772,29.0,29.15,28.85,29.0,0.2,2782
2015-06-01,3706,22797275,686076822,29.2,30.75,29.2,30.2,1.2,7974
2015-06-02,3706,14151272,427473335,30.25,30.7,29.85,30.0,-0.2,5608
2015-06-03,3706,26889868,830011998,30.6,31.6,29.9,30.3,0.3,8826
2015-06-04,3706,23663648,696969792,30.3,30.5,28.65,29.1,-1.2,7813
2015-06-05,3706,14189826,413364015,29.1,29.65,28.5,29.65,0.55,5063
2015-06-08,3706,13523254,406637237,29.7,30.8,29.1,30.5,0.85,4894
2015-06-09,3706,12773235,381191560,30.5,30.65,29.1,29.35,-1.15,4436
2015-06-10,3706,23478025,721976623,30.5,31.25,30.2,30.8,1.45,7739
2015-06-11,3706,11397460,351394051,31.2,31.45,30.5,30.65,-0.15,4098
2015-06-12,3706,8494999,257258270,30.6,30.65,30.0,30.0,-0.65,3166
2015-06-15,3706,6958448,210051935,30.2,30.6,29.8,30.1,0.1,2535
2015-06-16,3706,5848843,174675398,30.15,30.25,29.6,30.0,-0.1,2064
2015-06-17,3706,12564290,383968935,30.1,31.0,29.9,30.55,0.55,4986
2015-06-18,3706,12212070,377594374,30.7,31.2,30.55,31.0,0.45,3875
2015-06-22,3706,14633297,459280958,31.3,31.7,31.0,31.05,0.05,4826
2015-06-23,3706,9704698,300842936,31.2,31.45,30.65,30.8,-0.25,3339
2015-06-24,3706,33862135,1075360004,31.0,32.15,30.95,31.75,0.95,10077
2015-06-25,3706,54642087,1852541891,32.3,34.8,32.3,34.8,3.05,17208
2015-06-26,3706,30534571,1058341949,35.0,35.4,34.15,34.5,-0.3,10439
2015-06-29,3706,24942842,822644125,32.9,33.65,32.5,32.65,-1.85,8080
2015-06-30,3706,15048688,497709365,32.7,33.4,32.7,33.15,0.5,5514
2015-07-01,3706,22723575,731612200,33.25,33.35,31.6,31.7,-1.45,8394
2015-07-02,3706,15101646,484843631,32.0,32.65,31.3,32.15,0.45,5689
2015-07-03,3706,10489132,339105723,32.65,32.7,31.8,32.5,0.35,3886
2015-07-06,3706,16052727,499635036,31.8,32.1,30.4,30.4,-2.1,5614
2015-07-07,3706,8462139,261528386,30.9,31.3,30.55,30.6,0.2,3297
2015-07-08,3706,19129681,560232583,30.5,31.0,28.2,28.85,-1.75,5976
2015-07-09,3706,20516913,612025645,28.55,31.15,27.8,30.8,1.95,7392
2015-07-13,3706,17250669,518319969,30.45,30.6,29.6,29.65,-1.15,6138
2015-07-14,3706,13104843,386339625,29.9,30.2,28.7,29.7,0.05,4759
2015-07-15,3706,5961777,176612237,29.95,30.2,29.25,29.4,-0.3,2379
2015-07-16,3706,4612284,136048500,29.7,29.8,29.1,29.45,0.05,1727
2015-07-17,3706,5633265,164048333,29.5,29.6,28.8,28.85,-0.6,2271
2015-07-20,3706,12503682,369847175,29.2,30.1,29.0,29.4,0.55,4598
2015-07-21,3706,12396098,347172394,28.9,28.95,27.4,27.95,0.0,4691
2015-07-22,3706,9664903,262661331,27.7,27.8,26.65,27.0,-0.95,3408
2015-07-23,3706,9607387,255724975,26.8,27.25,26.1,26.95,-0.05,3092
2015-07-24,3706,10241153,282600998,26.95,28.2,26.8,27.9,0.95,3570
2015-07-27,3706,7780813,209101146,27.7,27.8,26.35,26.4,-1.5,2954
2015-07-28,3706,8300958,226889927,26.6,27.85,26.55,27.7,1.3,2973
2015-07-29,3706,7041798,191939366,27.7,27.85,26.95,27.1,-0.6,3053
2015-07-30,3706,6255132,173239702,27.15,28.15,27.15,27.4,0.3,2438
2015-07-31,3706,3985657,108747066,27.4,27.6,27.0,27.2,-0.2,1508
2015-08-03,3706,5402889,143486473,27.15,27.2,26.25,26.3,-0.9,2225
2015-08-04,3706,9807707,250861040,26.55,26.8,24.8,25.0,-1.3,3327
2015-08-05,3706,6676652,168110671,25.05,25.6,24.7,25.5,0.5,2406
2015-08-06,3706,3604954,90859850,25.7,25.8,24.95,24.95,-0.55,1412
2015-08-07,3706,3203996,80430594,24.8,25.5,24.6,25.2,0.25,1323
2015-08-10,3706,7584126,198009525,25.4,26.6,25.2,26.45,1.25,2685
2015-08-11,3706,28408810,694645539,25.6,25.75,23.85,23.85,-2.6,8307
2015-08-12,3706,21019150,474361357,23.2,23.2,22.0,22.4,-1.45,6390
2015-08-13,3706,8780814,199369255,22.8,23.05,22.35,22.7,0.3,3198
2015-08-14,3706,5891745,134493053,22.7,23.1,22.45,23.0,0.3,2425
2015-08-17,3706,4520711,104139423,23.0,23.3,22.7,22.85,-0.15,1421
2015-08-18,3706,3409656,78150330,23.0,23.15,22.65,22.85,0.0,1413
2015-08-19,3706,5164983,116000164,22.7,22.8,22.25,22.25,-0.6,2003
2015-08-20,3706,4736625,106188223,22.05,22.9,21.8,22.6,0.35,1653
2015-08-21,3706,7519973,162181378,22.3,22.3,20.8,20.8,-1.8,2609
2015-08-24,3706,14662681,278760803,20.1,20.2,18.75,18.75,-2.05,4003
2015-08-25,3706,8058278,152881144,18.0,19.5,18.0,19.25,0.5,2667
2015-08-26,3706,9880804,196295755,19.5,20.25,19.5,20.0,0.75,3579
2015-08-27,3706,8012703,163676560,20.25,20.75,20.0,20.3,0.3,3177
2015-08-28,3706,6797403,138739982,20.5,20.7,20.15,20.15,-0.15,2592
2015-08-31,3706,3198202,64459944,20.1,20.3,20.0,20.2,0.05,1667
2015-09-01,3706,3296484,67046369,20.15,20.55,20.15,20.3,0.1,1536
2015-09-02,3706,4241496,85685167,20.15,20.5,19.9,20.25,-0.05,1616
2015-09-03,3706,8851243,184450222,20.4,21.25,20.1,21.05,0.8,3212
2015-09-04,3706,7056653,147456249,21.0,21.35,20.4,20.4,-0.65,2435
2015-09-07,3706,1845658,37585435,20.45,20.5,20.25,20.35,-0.05,846
2015-09-08,3706,3175859,64469725,20.35,20.45,20.15,20.35,0.0,927
2015-09-09,3706,9292397,194802137,20.75,21.35,20.7,21.0,0.65,2575
2015-09-10,3706,5033665,104890239,20.75,21.1,20.55,21.05,0.05,1633
2015-09-11,3706,9107208,195230215,21.0,21.7,20.9,21.5,0.45,2914
2015-09-14,3706,14871382,331090989,21.6,22.9,21.45,22.55,1.05,5468
2015-09-15,3706,9808934,214974314,22.5,22.55,21.6,21.65,-0.9,3660
2015-09-16,3706,6182040,134752010,21.85,22.05,21.65,21.75,0.1,2308
2015-09-17,3706,8878078,197829517,22.2,22.55,22.1,22.1,0.35,3332
2015-09-18,3706,8201896,178178730,22.0,22.05,21.5,21.6,-0.5,2574
2015-09-21,3706,5583000,117741447,21.3,21.3,20.8,21.15,-0.45,1975
2015-09-22,3706,4013129,86318622,21.35,21.65,21.35,21.6,0.45,1598
2015-09-23,3706,3729360,78867110,21.35,21.4,21.0,21.0,-0.6,1505
2015-09-24,3706,10779821,221394861,21.05,21.3,20.1,20.3,-0.7,3032
2015-09-25,3706,3576711,73041406,20.35,20.6,20.15,20.55,0.25,1234
2015-09-30,3706,3231692,66006495,20.2,20.55,20.2,20.45,-0.1,1207
2015-10-01,3706,12008733,255761843,20.65,21.7,20.6,21.45,1.0,4156
2015-10-02,3706,12630437,273341644,21.5,21.95,21.3,21.3,-0.15,3654
2015-10-05,3706,12878133,282127076,21.5,22.25,21.4,22.05,0.75,4717
2015-10-06,3706,7759796,170302332,22.3,22.35,21.6,21.6,-0.45,2979
2015-10-07,3706,8883304,195909641,21.65,22.3,21.5,22.15,0.55,2722
2015-10-08,3706,10216223,226562027,22.3,22.65,21.7,21.7,-0.45,3258
2015-10-12,3706,4798782,105784854,22.1,22.15,21.9,22.1,0.4,1527
2015-10-13,3706,4593083,101811574,22.2,22.4,21.95,22.1,0.0,1507
2015-10-14,3706,7461290,166661271,22.1,22.6,21.9,22.35,0.25,2377
2015-10-15,3706,12435110,283052024,22.6,23.1,22.55,22.55,0.2,3869
2015-10-16,3706,12542115,285307694,22.6,23.15,22.4,23.15,0.6,3609
2015-10-19,3706,7679492,177858705,23.35,23.45,22.9,22.9,-0.25,2642
2015-10-20,3706,6056473,140454965,23.05,23.3,22.95,23.3,0.4,1932
2015-10-21,3706,15137485,358509851,23.3,24.1,23.2,23.95,0.65,4721
2015-10-22,3706,26726208,667511893,24.5,25.3,24.5,24.8,0.85,9165
2015-10-23,3706,24986129,639756143,24.9,26.35,24.8,25.7,0.9,8119
2015-10-26,3706,14704644,388847385,26.2,26.8,26.2,26.25,0.55,5027
2015-10-27,3706,10300803,268148015,26.25,26.5,25.65,26.25,0.0,4198
2015-10-28,3706,12331411,331350597,26.45,27.25,26.4,26.8,0.55,5029
2015-10-29,3706,12412169,331603944,27.1,27.45,26.0,26.0,-0.8,4753
2015-10-30,3706,11926425,303338114,25.8,25.9,25.0,25.4,-0.6,4411
2015-11-02,3706,7793660,202918677,25.4,26.35,25.4,26.2,0.8,3245
2015-11-03,3706,10429305,277691991,26.6,27.0,26.35,26.4,0.2,3505
2015-11-04,3706,11668854,312635015,26.55,27.05,26.5,26.85,0.45,3892
2015-11-05,3706,10066538,271052678,27.05,27.4,26.7,26.7,-0.15,3402
2015-11-06,3706,7451388,195249270,26.7,26.75,25.9,25.9,-0.8,3185
2015-11-09,3706,7028516,181959807,26.1,26.35,25.45,26.25,0.35,2699
2015-11-10,3706,22256380,535662970,24.1,25.0,23.7,24.0,-2.25,7017
2015-11-11,3706,9840758,236127492,24.3,24.35,23.75,24.0,0.0,3261
2015-11-12,3706,9988207,236985192,24.35,24.4,23.4,23.8,-0.2,3424
2015-11-13,3706,3933447,93192433,23.5,24.0,23.4,23.8,0.0,1792
2015-11-16,3706,3791938,88870073,23.35,23.75,23.1,23.75,-0.05,1605
2015-11-17,3706,4635963,111923048,24.1,24.3,24.0,24.15,0.4,1936
2015-11-18,3706,3661197,87421163,24.1,24.25,23.7,23.75,-0.4,1567
2015-11-19,3706,3055326,73214837,24.0,24.15,23.85,23.95,0.2,1365
2015-11-20,3706,5752140,139141816,24.0,24.45,23.95,24.0,0.05,2120
2015-11-23,3706,14501108,359786042,24.3,25.5,23.95,25.2,1.2,4985
2015-11-24,3706,12103939,303569975,25.15,25.4,24.6,25.15,-0.05,4084
2015-11-25,3706,15295682,388840910,25.2,25.75,24.85,25.55,0.4,5446
2015-11-26,3706,10683742,273072835,25.8,25.8,25.4,25.4,-0.15,3800
2015-11-27,3706,6542855,165529254,25.5,25.8,25.0,25.1,-0.3,2222
2015-11-30,3706,5247793,128888754,24.8,24.8,24.4,24.6,-0.5,2187
2015-12-01,3706,5112558,127634656,24.8,25.2,24.65,25.1,0.5,1927
2015-12-02,3706,8881345,224494430,25.1,25.65,24.85,25.25,0.15,3113
2015-12-03,3706,4876597,122522425,25.15,25.3,24.9,24.9,-0.35,1897
2015-12-04,3706,3119719,77222076,24.8,24.9,24.65,24.75,-0.15,1275
2015-12-07,3706,4192493,104908716,25.0,25.2,24.75,24.9,0.15,1591
2015-12-08,3706,2397268,59390794,24.95,25.0,24.5,24.5,-0.4,1200
2015-12-09,3706,4535015,108592399,24.45,24.5,23.6,23.75,-0.75,1657
2015-12-10,3706,3147919,75823190,24.0,24.3,23.75,24.25,0.5,1496
2015-12-11,3706,3747003,90887065,24.45,24.65,23.7,23.75,-0.5,1637
2015-12-14,3706,3430608,79808608,23.3,23.5,22.9,23.4,-0.35,1413
2015-12-15,3706,2479394,58374151,23.5,23.8,23.4,23.55,0.15,1240
2015-12-16,3706,1922063,45545278,23.6,23.85,23.55,23.7,0.15,870
2015-12-17,3706,2435478,58676922,23.8,24.35,23.75,24.05,0.35,1118
2015-12-18,3706,2516044,60598106,24.0,24.25,23.8,24.05,0.0,986
2015-12-21,3706,2661912,64802432,23.95,24.65,23.85,24.55,0.5,1225
2015-12-22,3706,15951932,401543897,24.75,25.45,24.75,24.95,0.4,4879
2015-12-23,3706,4171292,103947399,25.05,25.15,24.75,24.85,-0.1,1693
2015-12-24,3706,7192048,180510864,24.95,25.4,24.6,24.6,-0.25,2180
2015-12-25,3706,3352810,81997756,24.6,24.65,24.25,24.55,-0.05,1202
2015-12-28,3706,4493621,112413018,25.0,25.15,24.85,25.05,0.5,1878
2015-12-29,3706,2165900,53730023,24.95,25.1,24.7,24.75,-0.3,1001
2015-12-30,3706,1577161,39013418,24.95,25.0,24.65,24.7,-0.05,644
2015-12-31,3706,2042938,50294860,24.75,24.85,24.45,24.85,0.15,799
2016-01-04,3706,2724918,66822450,24.8,24.8,24.35,24.35,-0.5,1242
2016-01-05,3706,7914624,197071794,24.35,25.3,24.1,25.1,0.75,3115
2016-01-06,3706,4552943,112500451,25.0,25.05,24.4,24.45,-0.65,2025
2016-01-07,3706,5013838,120365319,24.4,24.75,23.4,23.75,-0.7,2067
2016-01-08,3706,2232216,53236045,23.5,24.05,23.45,23.9,0.15,1072
2016-01-11,3706,5488143,125404449,23.4,23.4,22.5,22.5,-1.4,2475
2016-01-12,3706,4705966,105261440,22.55,22.8,22.0,22.0,-0.5,1939
2016-01-13,3706,3159731,70287282,22.3,22.5,22.05,22.1,0.1,1280
2016-01-14,3706,2868284,61759031,21.75,21.75,21.4,21.55,-0.55,1433
2016-01-15,3706,2289610,49384086,21.75,21.85,21.25,21.3,-0.25,1144
2016-01-18,3706,2201159,47192064,20.95,21.85,20.8,21.85,0.55,1099
2016-01-19,3706,2160881,48100970,21.85,22.5,21.85,22.5,0.65,1088
2016-01-20,3706,2396040,52484461,22.4,22.4,21.5,21.55,-0.95,1058
2016-01-21,3706,3002893,64843378,21.8,22.0,21.25,21.3,-0.25,1431
2016-01-22,3706,3666179,79423909,21.6,21.9,21.5,21.65,0.35,1585
2016-01-25,3706,5412088,119535190,21.85,22.35,21.8,22.2,0.55,2636
2016-01-26,3706,3884425,86342980,22.0,22.5,21.95,22.3,0.1,1741
2016-01-27,3706,3125730,69107464,22.5,22.5,21.9,22.0,-0.3,1327
2016-01-28,3706,3121349,68640601,22.0,22.2,21.85,21.95,-0.05,1372
2016-01-29,3706,3523802,78516569,22.0,22.4,22.0,22.35,0.4,1296
2016-01-30,3706,3112984,70355486,22.55,22.75,22.4,22.65,0.3,908
2016-02-01,3706,5710041,130357829,22.8,23.0,22.5,23.0,0.35,1905
2016-02-02,3706,2592157,59559628,23.1,23.2,22.7,22.9,-0.1,975
2016-02-03,3706,2383842,54068223,22.8,22.85,22.55,22.7,-0.2,880
2016-02-15,3706,2452152,54695182,22.35,22.4,22.2,22.35,-0.35,1163
2016-02-16,3706,2908598,65155665,22.3,22.55,22.2,22.5,0.15,1242
2016-02-17,3706,10366544,244960813,23.0,24.2,22.95,23.85,1.35,4134
2016-02-18,3706,5858859,138474165,23.7,23.85,23.5,23.6,-0.25,1947
2016-02-19,3706,3872513,90529744,23.55,23.7,23.15,23.25,-0.35,1586
2016-02-22,3706,4421766,103294398,23.25,23.55,23.25,23.35,0.1,751
2016-02-23,3706,3212351,74902920,23.5,23.5,23.15,23.35,0.0,1378
2016-02-24,3706,4358535,100403225,23.3,23.3,22.9,23.15,-0.2,1261
2016-02-25,3706,1800324,41655502,23.1,23.3,23.05,23.15,0.0,892
2016-02-26,3706,1844592,42931029,23.2,23.4,23.15,23.25,0.1,889
2016-03-01,3706,5308163,124764807,23.3,23.7,23.25,23.5,0.25,1134
2016-03-02,3706,5652714,134904945,23.7,24.1,23.6,23.8,0.3,1849
2016-03-03,3706,4503190,106516401,23.8,24.0,23.45,23.5,-0.3,1518
2016-03-04,3706,3013322,70841223,23.5,23.7,23.4,23.5,0.0,1065
2016-03-07,3706,4086118,96533658,23.5,23.9,23.45,23.5,0.0,1737
2016-03-08,3706,3885977,92062995,23.7,23.85,23.55,23.7,0.2,1387
2016-03-09,3706,2831526,67028895,23.75,23.9,23.5,23.65,-0.05,1145
2016-03-10,3706,5395277,125759141,23.45,23.45,23.2,23.3,-0.35,1845
2016-03-11,3706,6385552,150851678,23.3,23.8,23.1,23.75,0.45,2609
2016-03-14,3706,5944976,142879003,24.0,24.2,23.85,24.1,0.35,2098
2016-03-15,3706,4539412,108247969,24.1,24.15,23.6,23.75,-0.35,1809
2016-03-16,3706,8360246,202525832,23.9,24.5,23.65,24.45,0.7,3023
2016-03-17,3706,5799155,141745570,24.65,24.7,24.2,24.45,0.0,2219
2016-03-18,3706,4133819,101250951,24.6,24.6,24.2,24.55,0.1,1830
2016-03-21,3706,26664071,695941479,25.7,26.85,25.45,26.4,1.85,9380
2016-03-22,3706,11015003,286647457,26.15,26.25,25.75,25.9,-0.5,3899
2016-03-23,3706,15187186,400121872,26.25,26.75,25.85,26.35,0.45,5106
2016-03-24,3706,11509638,302097110,26.05,26.5,25.9,26.35,0.0,3851
2016-03-25,3706,6117664,160370863,26.65,26.65,26.0,26.0,-0.35,1812
2016-03-28,3706,7905539,204890461,26.3,26.35,25.65,25.7,-0.3,2747
2016-03-29,3706,11626099,294633698,25.55,25.95,24.9,25.5,-0.2,3841
2016-03-30,3706,3525542,90108554,25.3,25.75,25.3,25.55,0.05,1371
2016-03-31,3706,3883008,98818494,25.65,25.75,25.25,25.55,0.0,1395
2016-04-01,3706,2846732,72604207,25.5,25.75,25.25,25.55,0.0,1108
2016-04-06,3706,5260337,134879174,25.55,25.8,25.25,25.75,0.2,2091
2016-04-07,3706,6625481,171214779,25.75,25.95,25.65,25.8,0.05,2443
2016-04-08,3706,4216862,107243813,25.65,25.65,25.25,25.4,-0.4,1752
2016-04-11,3706,2757317,69864232,25.3,25.55,25.05,25.4,0.0,1321
2016-04-12,3706,5437871,139222542,25.4,25.8,25.25,25.65,0.25,2174
2016-04-13,3706,3065057,78406626,25.65,25.75,25.45,25.5,-0.15,1278
2016-04-14,3706,2779167,70857951,25.5,25.7,25.4,25.4,-0.1,1447
2016-04-15,3706,1773482,45072089,25.4,25.55,25.3,25.45,0.05,1164
2016-04-18,3706,1972162,50061346,25.55,25.55,25.3,25.45,0.0,1040
2016-04-19,3706,2627927,66596768,25.5,25.6,25.2,25.3,-0.15,1322
2016-04-20,3706,8150691,199908070,25.25,25.3,24.0,24.35,-0.95,3208
2016-04-21,3706,4169899,100648148,24.35,24.35,24.0,24.25,-0.1,1915
2016-04-22,3706,7772710,183899091,23.95,24.1,23.4,23.7,-0.55,2989
2016-04-25,3706,2536562,59508435,23.5,23.6,23.25,23.5,-0.2,1517
2016-04-26,3706,3666166,85614065,23.35,23.5,23.2,23.35,-0.15,1899
2016-04-27,3706,3368728,77738658,23.35,23.35,22.9,22.9,-0.45,1719
2016-04-28,3706,4845549,109968759,22.95,23.0,22.5,22.95,0.05,2148
2016-04-29,3706,3854056,87488925,22.8,23.0,22.5,23.0,0.05,1664
2016-05-03,3706,2545823,57587219,22.85,22.85,22.5,22.5,-0.5,1459
2016-05-04,3706,4649472,102736551,22.3,22.4,21.8,21.8,-0.7,1991
2016-05-05,3706,2254875,49738821,21.8,22.25,21.8,22.2,0.4,1215
2016-05-06,3706,1688204,37096817,22.1,22.15,21.8,21.95,-0.25,931
2016-05-09,3706,1745053,38198599,22.0,22.05,21.7,21.75,-0.2,910
2016-05-10,3706,1975126,43219309,21.75,22.0,21.7,21.95,0.2,1003
2016-05-11,3706,2308665,50517943,21.95,22.05,21.75,21.8,-0.15,1114
2016-05-12,3706,2262476,48685808,21.5,21.7,21.35,21.35,-0.45,1039
2016-05-13,3706,3220320,67369560,21.25,21.25,20.7,20.75,-0.6,1379
2016-05-16,3706,2105875,44933813,20.7,21.65,20.7,21.5,0.75,1042
2016-05-17,3706,1801104,38634725,21.65,21.65,21.3,21.45,-0.05,865
2016-05-18,3706,1481288,31841741,21.45,21.65,21.3,21.45,0.0,854
2016-05-19,3706,1735741,37564626,21.65,21.75,21.5,21.5,0.05,885
2016-05-20,3706,1136514,24518449,21.5,21.7,21.35,21.55,0.05,600
2016-05-23,3706,2282469,49988214,21.55,22.05,21.55,21.95,0.4,940
2016-05-24,3706,1237902,27190843,21.95,22.1,21.85,22.0,0.05,537
2016-05-25,3706,1988655,44345266,22.25,22.4,22.2,22.35,0.35,742
2016-05-26,3706,1396094,31172290,22.25,22.45,22.25,22.35,0.0,533
2016-05-27,3706,1914579,43083889,22.4,22.6,22.4,22.55,0.2,706
2016-05-30,3706,1586379,35820686,22.35,22.7,22.35,22.65,0.1,666
2016-05-31,3706,1373544,31103965,22.75,22.8,22.5,22.7,0.05,632
2016-06-01,3706,1631273,37294368,22.7,23.0,22.6,22.9,0.2,729
2016-06-02,3706,1657355,37604661,22.95,22.95,22.55,22.55,-0.35,747
2016-06-03,3706,2155955,48986119,22.55,22.95,22.55,22.85,0.3,803
2016-06-04,3706,3977594,93206732,23.3,23.65,23.25,23.35,0.5,1628
2016-06-06,3706,2140027,49681321,23.4,23.55,23.05,23.1,-0.25,875
2016-06-07,3706,1403172,32553855,23.2,23.35,23.05,23.1,0.0,712
2016-06-08,3706,1095228,25393660,23.15,23.25,23.1,23.15,0.05,501
2016-06-13,3706,1608965,36988039,23.0,23.15,22.85,22.9,-0.25,843
2016-06-14,3706,1196553,27496582,22.8,23.1,22.8,23.1,0.2,567
2016-06-15,3706,1041120,24058810,23.0,23.3,22.95,23.15,0.05,605
2016-06-16,3706,2297539,52951787,23.15,23.2,22.85,22.95,-0.2,933
2016-06-17,3706,3341430,78162461,23.0,23.6,23.0,23.4,0.45,1361
2016-06-20,3706,2305147,54447603,23.55,23.7,23.45,23.7,0.3,1032
2016-06-21,3706,2239653,53369433,23.85,23.95,23.6,23.85,0.15,1030
2016-06-22,3706,1566524,37432566,23.85,24.0,23.65,23.9,0.05,797
2016-06-23,3706,1458614,34894274,23.95,24.0,23.8,23.9,0.0,649
2016-06-24,3706,2168444,50806494,23.9,24.0,22.95,23.2,-0.7,1057
2016-06-27,3706,1839418,42711402,23.0,23.5,22.95,23.1,-0.1,702
2016-06-28,3706,1749791,40976243,22.95,23.6,22.9,23.5,0.4,841
2016-06-29,3706,1357784,32132308,23.7,23.75,23.5,23.65,0.15,655
2016-06-30,3706,4180879,99809528,23.65,24.05,23.6,23.75,0.1,1182
2016-07-01,3706,2108862,50155053,23.85,23.95,23.55,23.55,-0.2,868
2016-07-04,3706,1556985,37071186,23.6,23.9,23.55,23.85,0.3,941
2016-07-05,3706,1256076,29898496,23.85,23.9,23.75,23.8,-0.05,513
2016-07-06,3706,1664144,39121422,23.6,23.65,23.45,23.45,-0.35,819
2016-07-07,3706,1360022,31993910,23.65,23.75,23.4,23.45,0.0,603
2016-07-11,3706,1585107,37565568,23.8,23.8,23.6,23.75,0.3,909
2016-07-12,3706,1611082,37998427,23.7,23.7,23.5,23.55,-0.2,683
2016-07-13,3706,4521744,108705256,23.9,24.3,23.8,24.05,0.5,1845
2016-07-14,3706,4546755,111190721,24.5,24.7,24.2,24.2,0.15,1618
2016-07-15,3706,4078078,99672577,24.3,24.55,24.3,24.3,0.1,2286
2016-07-18,3706,2284374,55638259,24.35,24.45,24.2,24.35,0.05,1333
2016-07-19,3706,8346425,207815225,24.35,25.1,24.25,24.9,0.55,3219
2016-07-20,3706,7811736,196323879,24.95,25.45,24.8,24.95,0.05,3125
2016-07-21,3706,6454010,162961333,25.1,25.45,25.05,25.15,0.2,2424
2016-07-22,3706,15577402,401791868,25.3,26.25,25.2,26.05,0.9,5046
2016-07-25,3706,14547505,385554944,26.3,26.8,26.1,26.8,0.75,4833
2016-07-26,3706,10287306,276987112,26.9,27.2,26.6,27.15,0.35,4137
2016-07-27,3706,10805290,296094845,27.15,27.6,26.9,27.45,0.3,4049
2016-07-28,3706,8358726,231507984,27.6,27.85,27.3,27.85,0.4,3538
2016-07-29,3706,4454591,122927257,27.7,27.75,27.4,27.7,-0.15,1947
2016-08-01,3706,4587474,126655172,27.7,27.95,27.4,27.55,-0.15,2087
2016-08-02,3706,5116409,139422677,27.55,27.6,27.05,27.3,-0.25,2192
2016-08-03,3706,16789029,475484111,27.5,28.8,27.5,28.6,1.3,7141
2016-08-04,3706,12652740,367740727,29.0,29.35,28.7,28.7,0.1,4677
2016-08-05,3706,4416228,127268170,29.0,29.1,28.7,28.8,0.1,1637
2016-08-08,3706,4288719,124301966,29.05,29.15,28.8,28.95,0.15,1862
2016-08-09,3706,15649355,468942095,29.9,30.45,29.1,29.1,0.15,5991
2016-08-10,3706,7734398,228911526,29.2,29.95,29.15,29.9,0.8,3196
2016-08-11,3706,8592580,256639250,30.0,30.3,29.3,30.2,0.3,3846
2016-08-12,3706,5480057,162520897,30.3,30.3,29.4,29.4,-0.8,2520
2016-08-15,3706,3589441,105011148,29.5,29.5,28.9,29.5,0.1,1678
2016-08-16,3706,3481342,103323898,29.7,29.9,29.5,29.6,0.1,1686
2016-08-17,3706,6927622,206080465,29.7,30.1,29.3,30.0,0.4,2759
2016-08-18,3706,4842440,145405334,30.0,30.25,29.75,30.1,0.1,1975
2016-08-19,3706,3904610,116000311,30.2,30.2,29.5,29.5,-0.6,1704
2016-08-22,3706,5258434,156529057,29.5,30.1,29.2,29.9,0.4,2169
2016-08-23,3706,15712026,484226313,30.1,31.7,29.75,31.4,1.5,5638
2016-08-24,3706,10664444,332968886,31.95,31.95,30.85,30.9,-0.5,3726
2016-08-25,3706,9908306,311507898,31.6,31.75,31.1,31.2,0.3,3526
2016-08-26,3706,14375896,457877955,31.6,32.2,31.35,31.8,0.6,4847
2016-08-29,3706,21803470,717563910,31.95,33.5,31.95,33.15,1.35,7753
2016-08-30,3706,15641614,523865412,33.5,34.0,32.95,33.1,-0.05,6127
2016-08-31,3706,11969782,389619006,33.05,33.1,32.2,32.4,-0.7,4146
2016-09-01,3706,16367123,537045090,32.45,33.3,32.45,32.6,0.2,4673
2016-09-02,3706,16931172,512876723,30.8,30.8,29.6,29.6,0.0,4545
2016-09-05,3706,18760376,583920715,30.3,31.65,30.1,31.6,2.0,6168
2016-09-06,3706,10801470,341604787,32.3,32.3,31.05,31.65,0.05,4213
2016-09-07,3706,9129521,291884112,31.8,32.15,31.65,31.95,0.3,3777
2016-09-08,3706,8918482,288990234,32.35,32.6,32.1,32.35,0.4,3770
2016-09-09,3706,5069784,161994888,32.15,32.15,31.75,32.05,-0.3,2251
2016-09-10,3706,9164869,288034550,32.05,32.1,30.4,31.7,-0.35,3215
2016-09-12,3706,4373131,138338004,31.8,32.0,31.4,31.4,-0.3,1779
2016-09-13,3706,9875179,306920322,31.8,31.95,30.3,30.65,-0.75,3566
2016-09-14,3706,6045237,188565506,30.8,31.4,30.7,31.2,0.55,2571
2016-09-19,3706,13348580,432181526,31.75,32.9,31.6,32.5,1.3,5174
2016-09-20,3706,8676446,280868083,32.45,32.85,31.85,32.6,0.1,3745
2016-09-21,3706,14125606,463121826,32.55,33.15,32.3,32.95,0.35,5184
2016-09-22,3706,8245793,269364030,33.2,33.3,32.25,32.45,-0.5,3394
2016-09-23,3706,5605524,181849085,32.65,32.8,32.1,32.3,-0.15,2255
2016-09-26,3706,3111827,100951335,32.3,32.75,32.1,32.4,0.1,1605
2016-09-29,3706,7562408,249816430,33.8,33.8,32.65,32.65,0.25,2701
2016-09-30,3706,5591467,181399946,32.7,32.95,32.2,32.3,-0.35,2273
2016-10-03,3706,3758630,121242160,32.35,32.5,32.0,32.15,-0.15,1675
2016-10-04,3706,6617966,210004452,32.4,32.4,31.4,31.75,-0.4,2939
2016-10-05,3706,4350527,138427377,31.8,32.25,31.5,31.65,-0.1,2383
2016-10-06,3706,4385933,137742840,31.75,31.95,31.0,31.25,-0.4,2367
2016-10-07,3706,7482228,230288783,31.0,31.15,30.5,30.85,-0.4,2925
2016-10-11,3706,16691227,486011899,30.85,30.9,27.95,28.7,-2.15,5792
2016-10-12,3706,8990336,265521308,28.8,30.0,28.4,29.7,1.0,4188
2016-10-13,3706,6402762,190767517,30.15,30.2,29.5,29.8,0.1,3106
2016-10-14,3706,5737704,165196384,29.5,29.5,28.35,28.6,-1.2,2872
2016-10-17,3706,5440657,155287670,28.6,29.2,28.0,29.0,0.4,2652
2016-10-18,3706,4266336,125044501,29.0,29.7,28.85,29.25,0.25,2425
2016-10-19,3706,3293492,96227921,29.25,29.45,29.0,29.3,0.05,1906
2016-10-20,3706,9635492,291203119,29.45,30.7,29.35,30.25,0.95,4990
2016-10-21,3706,5121706,152678868,30.1,30.1,29.65,29.75,-0.5,2607
2016-10-24,3706,3385508,100373533,29.8,29.9,29.45,29.55,-0.2,1942
2016-10-25,3706,6254907,188667110,29.65,30.55,29.45,30.2,0.65,2689
2016-10-26,3706,4558103,136426488,30.0,30.2,29.7,29.95,-0.25,1993
2016-10-27,3706,4069258,119779663,29.8,29.8,29.15,29.3,-0.65,2164
2016-10-28,3706,2303686,68063816,29.5,29.65,29.4,29.6,0.3,1175
2016-10-31,3706,3743517,112257657,29.7,30.2,29.7,29.9,0.3,1874
2016-11-01,3706,2043365,61282254,29.85,30.15,29.65,29.95,0.05,1196
2016-11-02,3706,3711971,108382535,29.75,29.8,28.75,28.9,-1.05,2098
2016-11-03,3706,5407883,153272252,28.8,28.9,27.8,28.5,-0.4,2846
2016-11-04,3706,1568711,44504291,28.5,28.65,28.15,28.3,-0.2,1083
2016-11-07,3706,3359576,94646578,28.4,28.55,27.8,27.95,-0.35,1940
2016-11-08,3706,3143657,88006686,28.0,28.25,27.6,28.25,0.3,1490
2016-11-09,3706,8249154,230199192,29.0,29.2,26.85,27.4,-0.85,3094
2016-11-10,3706,5821546,167320443,28.1,29.15,28.1,29.0,1.6,2793
2016-11-11,3706,3648793,104079838,28.6,28.8,28.2,28.8,-0.2,1752
2016-11-14,3706,4587368,133331255,28.65,29.55,28.35,29.5,0.7,1972
2016-11-15,3706,5275737,155676624,29.35,29.8,29.15,29.7,0.2,2387
2016-11-16,3706,3037672,90227452,29.8,29.95,29.5,29.65,-0.05,1429
2016-11-17,3706,2496771,74333766,29.8,29.95,29.65,29.65,0.0,1550
2016-11-18,3706,4888596,147467180,29.9,30.4,29.85,30.2,0.55,2390
2016-11-21,3706,8400285,260055604,30.4,31.4,30.25,31.3,1.1,3857
2016-11-22,3706,6254359,197250598,31.3,31.8,31.15,31.7,0.4,2874
2016-11-23,3706,10862630,349865908,31.7,32.75,31.6,31.9,0.2,4750
2016-11-24,3706,4286606,136479706,32.0,32.2,31.65,31.75,-0.15,2099
2016-11-25,3706,4028525,128746472,31.7,32.2,31.7,32.0,0.25,1858
2016-11-28,3706,6855286,222960681,32.3,32.9,32.2,32.6,0.6,2902
2016-11-29,3706,11820218,385660294,33.1,33.4,31.9,32.0,-0.6,4142
2016-11-30,3706,4874798,157125406,32.1,32.45,31.95,32.45,0.45,2412
2016-12-01,3706,2979980,95873186,32.2,32.45,32.0,32.05,-0.4,1482
2016-12-02,3706,3306289,104632812,31.85,31.9,31.5,31.7,-0.35,1873
2016-12-05,3706,2263786,72049900,31.85,32.0,31.6,31.95,0.25,1385
2016-12-06,3706,3422383,109290866,32.2,32.3,31.6,31.65,-0.3,1810
2016-12-07,3706,3237347,103127539,31.6,32.1,31.6,31.9,0.25,1733
2016-12-08,3706,2543065,81645531,32.15,32.3,32.0,32.0,0.1,1200
2016-12-09,3706,3271263,105322487,32.2,32.4,31.9,32.4,0.4,1657
2016-12-12,3706,9069544,296717477,32.85,33.0,32.3,32.3,-0.1,3474
2016-12-13,3706,10663342,350869056,32.7,33.2,32.4,33.0,0.7,4208
2016-12-14,3706,4437815,146081025,33.1,33.2,32.7,32.7,-0.3,2078
2016-12-15,3706,2367978,77526104,32.7,33.0,32.6,32.65,-0.05,1136
2016-12-16,3706,5143111,166667235,32.8,32.85,32.1,32.1,-0.55,2276
2016-12-19,3706,6265192,196653775,31.7,31.8,31.0,31.3,-0.8,2749
2016-12-20,3706,3872129,120600794,31.35,31.5,30.85,31.2,-0.1,1667
2016-12-21,3706,2057682,64274961,31.15,31.5,30.9,31.3,0.1,1122
2016-12-22,3706,2154312,66919030,31.1,31.2,30.9,31.1,-0.2,1011
2016-12-23,3706,2354362,72561766,30.95,31.0,30.7,30.9,-0.2,1153
2016-12-26,3706,2618123,80302339,30.9,31.0,30.5,30.8,-0.1,1330
2016-12-27,3706,2647198,81457431,30.55,31.0,30.5,30.9,0.1,1068
2016-12-28,3706,3091096,95686649,30.8,31.25,30.8,31.0,0.1,1229
2016-12-29,3706,2482768,76272425,30.85,30.95,30.55,30.8,-0.2,1102
2016-12-30,3706,2694433,83229390,30.65,31.05,30.65,31.0,0.2,1088
2017-01-03,3706,1364959,42117325,30.95,31.0,30.75,30.85,-0.15,720
2017-01-04,3706,6448085,204504226,31.0,32.2,30.95,31.85,1.0,2843
2017-01-05,3706,3728858,118196108,31.8,31.9,31.55,31.9,0.05,1329
2017-01-06,3706,4660218,148531165,31.9,32.1,31.65,31.9,0.0,1762
2017-01-09,3706,2924823,93542018,32.1,32.25,31.8,31.8,-0.1,1335
2017-01-10,3706,9776182,318792475,32.3,32.9,32.0,32.7,0.9,4264
2017-01-11,3706,7588661,250511301,33.2,33.25,32.8,33.05,0.35,3161
2017-01-12,3706,4634579,152666842,33.05,33.2,32.75,32.95,-0.1,2119
2017-01-13,3706,3084565,100483265,32.8,32.85,32.4,32.6,-0.35,1396
2017-01-16,3706,4083561,130778977,32.5,32.5,31.8,32.0,-0.6,1727
2017-01-17,3706,1935870,62144290,31.9,32.25,31.9,32.1,0.1,899
2017-01-18,3706,8005490,262515854,32.2,33.05,32.0,33.0,0.9,3204
2017-01-19,3706,16440672,555351627,33.25,34.25,33.2,33.45,0.45,6209
2017-01-20,3706,9381737,317199973,33.65,34.2,33.5,33.5,0.05,3508
2017-01-23,3706,6408260,215893498,33.55,33.95,33.5,33.55,0.05,1988
2017-01-24,3706,12927163,444083601,33.65,34.8,33.65,34.45,0.9,5354
2017-02-02,3706,10379394,361234970,34.8,35.2,34.3,34.3,-0.15,4226
2017-02-03,3706,6394480,222691094,34.45,35.2,34.4,34.8,0.5,2871
2017-02-06,3706,15170987,545217074,35.1,36.45,35.1,35.9,1.1,5981
2017-02-07,3706,6007992,213133115,35.9,35.95,35.25,35.5,-0.4,2784
2017-02-08,3706,3604960,127596695,35.5,35.6,35.25,35.35,-0.15,1649
2017-02-09,3706,5685674,203672396,35.35,36.3,35.3,36.05,0.7,2688
2017-02-10,3706,15330802,530105115,35.5,35.5,34.0,34.25,-1.8,6203
2017-02-13,3706,9923669,334905167,34.0,34.15,33.5,34.0,-0.25,4448
2017-02-14,3706,4179669,141982162,34.1,34.35,33.8,33.9,-0.1,1884
2017-02-15,3706,4472255,151477881,33.9,34.0,33.7,33.9,0.0,2345
2017-02-16,3706,3832849,129455079,33.9,33.95,33.6,33.8,-0.1,1579
2017-02-17,3706,5970701,199146557,33.7,33.75,33.2,33.35,-0.45,2975
2017-02-18,3706,2910203,97129272,33.0,33.6,33.0,33.55,0.2,1456
2017-02-20,3706,4012323,133173874,33.35,33.5,33.0,33.0,-0.55,1764
2017-02-21,3706,7966928,259998824,33.0,33.3,32.35,32.75,-0.25,3285
2017-02-22,3706,5801428,192421404,32.95,33.6,32.65,33.45,0.7,2640
2017-02-23,3706,4671237,154797621,33.5,33.55,33.0,33.1,-0.35,2474
2017-02-24,3706,3925877,128617746,33.1,33.1,32.7,32.75,-0.35,1986
2017-03-01,3706,4723831,152331927,32.6,32.6,32.1,32.2,-0.55,2349
2017-03-02,3706,5508650,177072247,32.45,32.55,31.9,32.1,-0.1,2947
2017-03-03,3706,5270097,171455033,32.1,32.75,32.1,32.55,0.45,2753
2017-03-06,3706,6984648,231194176,32.65,33.5,32.55,33.3,0.75,3818
2017-03-07,3706,4551356,150390855,33.15,33.3,32.8,32.9,-0.4,2748
2017-03-08,3706,2590681,84619635,32.9,32.95,32.5,32.7,-0.2,1416
2017-03-09,3706,2830322,92035717,32.9,32.9,32.4,32.65,-0.05,1474
2017-03-10,3706,5232954,168627877,32.4,32.45,32.0,32.4,-0.25,2376
2017-03-13,3706,2438607,78579643,32.4,32.45,32.05,32.3,-0.1,1503
2017-03-14,3706,6024576,198005308,32.4,33.2,32.25,33.1,0.8,3010
2017-03-15,3706,3772507,124274600,32.95,33.15,32.8,32.8,-0.3,1923
2017-03-16,3706,2722026,89646581,33.0,33.1,32.8,32.85,0.05,1223
2017-03-17,3706,6371064,213037214,32.95,33.65,32.95,33.6,0.75,2737
2017-03-20,3706,3529387,118541516,33.45,33.8,33.4,33.45,-0.15,1576
2017-03-21,3706,2815329,93580657,33.45,33.45,33.15,33.15,-0.3,1453
2017-03-22,3706,2420587,79379640,32.9,32.9,32.65,32.9,-0.25,1365
2017-03-23,3706,5565016,181149449,33.05,33.05,32.4,32.6,-0.3,3032
2017-03-24,3706,1773843,58019911,32.7,32.8,32.6,32.7,0.1,861
2017-03-27,3706,3744219,123544529,32.7,33.2,32.7,32.9,0.2,2013
2017-03-28,3706,6555591,218438489,33.05,33.65,33.0,33.35,0.45,2994
2017-03-29,3706,10735663,364879016,34.25,34.3,33.7,33.8,0.45,4210
2017-03-30,3706,6276772,210877216,33.9,33.95,33.45,33.6,-0.2,2671
2017-03-31,3706,4199884,141505756,33.6,33.95,33.5,33.7,0.1,1999
2017-04-05,3706,7149493,240737975,33.8,33.85,33.5,33.55,-0.15,3222
2017-04-06,3706,7404015,244525137,33.45,33.5,32.8,32.9,-0.65,3326
2017-04-07,3706,6988938,226319121,32.45,32.7,32.15,32.35,-0.55,3453
2017-04-10,3706,4639087,148930394,32.2,32.25,32.05,32.05,-0.3,2703
2017-04-11,3706,4714386,152962671,32.35,32.65,32.2,32.45,0.4,2107
2017-04-12,3706,4966037,159773156,32.45,32.45,32.1,32.1,-0.35,1636
2017-04-13,3706,3078024,98868002,32.1,32.25,32.0,32.2,0.1,1304
2017-04-14,3706,3806468,122106297,32.25,32.25,31.95,32.05,-0.15,1627
2017-04-17,3706,5108560,162101429,32.05,32.2,31.45,31.75,-0.3,1633
2017-04-18,3706,2255018,71829088,31.85,32.05,31.75,31.8,0.05,1249
2017-04-19,3706,3340967,105432434,31.75,31.75,31.45,31.7,-0.1,1432
2017-04-20,3706,4564658,143357231,31.7,31.7,31.2,31.35,-0.35,2537
2017-04-21,3706,1870480,58757979,31.4,31.5,31.35,31.35,0.0,956
2017-04-24,3706,3982487,123856811,31.45,31.5,31.0,31.1,-0.25,1646
2017-04-25,3706,2292057,71623423,31.2,31.45,31.1,31.45,0.35,1159
2017-04-26,3706,2585076,81996694,31.55,31.8,31.55,31.75,0.3,1261
2017-04-27,3706,2717817,86656349,31.9,32.05,31.75,32.0,0.25,1451
2017-04-28,3706,2477355,78941286,32.0,32.0,31.8,31.85,-0.15,1033
2017-05-02,3706,2662591,85836242,32.0,32.45,32.0,32.45,0.6,1424
2017-05-03,3706,2952762,94827054,32.35,32.35,31.9,32.25,-0.2,1246
2017-05-04,3706,1840415,59287964,32.2,32.35,32.05,32.3,0.05,1054
2017-05-05,3706,3082031,99607990,32.2,32.45,32.15,32.3,0.0,1409
2017-05-08,3706,2694840,87355847,32.4,32.6,32.2,32.55,0.25,1256
2017-05-09,3706,3269363,104990068,32.5,32.55,31.9,32.1,-0.45,1581
2017-05-10,3706,2809359,91267840,32.15,32.7,32.0,32.55,0.45,1495
2017-05-11,3706,9165941,303880084,32.5,33.55,32.4,33.45,0.9,3798
2017-05-12,3706,13951046,474568114,33.9,34.45,33.6,34.1,0.65,5464
2017-05-15,3706,5022666,170335013,33.95,34.1,33.7,33.85,-0.25,2860
2017-05-16,3706,3694182,125561634,33.9,34.2,33.9,33.95,0.1,1654
2017-05-17,3706,8583077,296050949,33.95,34.85,33.95,34.3,0.35,3557
2017-05-18,3706,6598036,225920645,33.9,34.5,33.6,34.45,0.15,3310
2017-05-19,3706,6257976,216928084,34.4,34.8,34.3,34.75,0.3,3538
2017-05-22,3706,9272364,325161527,34.9,35.3,34.6,35.1,0.35,3908
2017-05-23,3706,14036608,502047147,35.5,36.0,35.3,35.8,0.7,6786
2017-05-24,3706,12398488,446142877,35.9,36.2,35.85,35.85,0.05,4276
2017-05-25,3706,5877626,211117794,35.85,36.2,35.55,35.55,-0.3,2558
2017-05-26,3706,14599747,532962256,35.6,37.2,35.5,37.0,1.45,6210
2017-05-31,3706,8074524,299644425,37.0,37.5,36.55,36.9,-0.1,3752
2017-06-01,3706,4995772,185099805,37.0,37.4,36.75,37.0,0.1,2433
2017-06-02,3706,23971305,911707547,37.7,38.6,37.45,37.6,0.6,10718
2017-06-03,3706,6478943,246375600,37.7,38.2,37.6,38.05,0.45,3689
2017-06-05,3706,6441100,246314960,38.25,38.55,38.0,38.05,0.0,3579
2017-06-06,3706,4269261,162370740,38.4,38.4,37.75,38.0,-0.05,2142
2017-06-07,3706,7974199,298857122,38.0,38.1,37.25,37.4,-0.6,3096
2017-06-08,3706,11982866,460749955,37.7,38.8,37.7,38.5,1.1,4965
2017-06-09,3706,9615261,375138941,39.0,39.4,38.75,38.8,0.3,3972
2017-06-12,3706,8280711,323924629,39.0,39.55,38.85,39.1,0.3,4331
2017-06-13,3706,6409816,247264105,38.9,38.9,38.35,38.6,-0.5,3049
2017-06-14,3706,8732965,330966709,38.55,38.55,37.55,37.95,-0.65,3111
2017-06-15,3706,3294840,124295416,37.9,38.0,37.5,38.0,0.05,1880
2017-06-16,3706,5231036,200042689,38.0,38.55,37.75,38.55,0.55,2438
2017-06-19,3706,5258227,203826648,38.4,39.15,38.35,39.1,0.55,2424
2017-06-20,3706,5782461,225012331,39.05,39.45,38.4,38.45,-0.65,2633
2017-06-21,3706,3618846,138775509,38.35,38.55,38.1,38.55,0.1,2214
2017-06-22,3706,3303480,127098480,38.55,38.7,38.3,38.55,0.0,1951
2017-06-23,3706,2779439,106937980,38.6,38.7,38.2,38.5,-0.05,1635
2017-06-26,3706,5682591,220339185,38.55,39.1,38.4,38.75,0.25,2142
2017-06-27,3706,11304850,449111029,38.85,40.2,38.6,39.7,0.95,5186
2017-06-28,3706,7554818,294901352,39.3,39.45,38.8,39.0,-0.7,4677
2017-06-29,3706,3793207,147643019,39.05,39.15,38.75,39.0,0.0,1576
2017-06-30,3706,3724449,143901752,38.85,38.85,38.5,38.85,-0.15,1592
2017-07-03,3706,2423649,94098780,38.85,39.0,38.6,38.8,-0.05,1668
2017-07-04,3706,9621385,370734824,39.0,39.1,38.05,38.2,-0.6,4027
2017-07-05,3706,5952185,227475187,38.15,38.45,37.85,38.4,0.2,2027
2017-07-06,3706,7825617,300047721,38.4,38.55,38.1,38.4,0.0,2318
2017-07-07,3706,13488621,486034440,36.0,36.2,35.5,35.6,0.0,3558
2017-07-10,3706,2856759,101911814,36.0,36.05,35.3,35.65,0.05,1656
2017-07-11,3706,4742372,166448870,35.3,35.45,34.9,35.1,-0.55,2247
2017-07-12,3706,2929347,104504662,35.2,35.9,35.2,35.7,0.6,1465
2017-07-13,3706,3234345,116961796,36.1,36.3,35.95,36.2,0.5,1420
2017-07-14,3706,3164621,114546017,36.3,36.4,36.05,36.3,0.1,2048
2017-07-17,3706,2680100,96962850,36.6,36.6,35.95,36.15,-0.15,1580
2017-07-18,3706,2267064,81402327,36.2,36.2,35.7,35.9,-0.25,1462
2017-07-19,3706,3285238,119346712,36.0,36.55,36.0,36.2,0.3,1354
2017-07-20,3706,1416705,51329830,36.2,36.4,36.05,36.05,-0.15,817
2017-07-21,3706,1288304,46616044,36.2,36.35,36.0,36.05,0.0,557
2017-07-24,3706,1240844,44825811,36.05,36.25,36.0,36.25,0.2,679
2017-07-25,3706,1423004,51424580,36.25,36.3,36.05,36.1,-0.15,673
2017-07-26,3706,1616349,58575264,36.15,36.4,36.05,36.05,-0.05,694
2017-07-27,3706,1561743,56294738,36.2,36.2,35.9,36.0,-0.05,659
2017-07-28,3706,1810908,65570238,36.0,36.45,35.95,36.15,0.15,975
2017-07-31,3706,1768843,63981478,36.4,36.4,36.0,36.15,0.0,1047
2017-08-01,3706,8851931,328278196,36.2,37.7,36.2,37.45,1.3,3386
2017-08-02,3706,6539497,241548116,37.55,37.7,36.6,36.85,-0.6,3099
2017-08-03,3706,2852062,103889689,36.65,36.7,36.3,36.5,-0.35,1297
2017-08-04,3706,1612977,58810285,36.6,36.6,36.3,36.6,0.1,833
2017-08-07,3706,1764080,64475384,36.65,36.75,36.45,36.55,-0.05,776
2017-08-08,3706,2845075,103148781,36.55,36.55,36.1,36.35,-0.2,1077
2017-08-09,3706,1880934,67915244,36.3,36.35,36.0,36.25,-0.1,799
2017-08-10,3706,4036542,144189189,36.25,36.3,35.5,35.6,-0.65,1434
2017-08-11,3706,5087681,183314415,36.4,36.4,35.7,35.8,0.2,1575
2017-08-14,3706,3847913,135444398,35.9,35.95,34.85,35.0,-0.8,1586
2017-08-15,3706,1705147,59880741,35.3,35.35,34.9,35.2,0.2,881
2017-08-16,3706,2336825,83098700,35.2,35.8,35.2,35.5,0.3,1190
2017-08-17,3706,3828430,138434643,35.6,36.4,35.6,36.3,0.8,1504
2017-08-18,3706,1636559,58727074,36.0,36.0,35.65,36.0,-0.3,776
2017-08-21,3706,1649855,59147355,36.0,36.05,35.7,35.85,-0.15,918
2017-08-22,3706,1651187,59726242,36.1,36.4,36.0,36.0,0.15,791
2017-08-23,3706,1237159,44551629,36.1,36.2,35.9,36.0,0.0,601
2017-08-24,3706,1727042,62535542,36.1,36.45,36.0,36.1,0.1,772
2017-08-25,3706,1657064,59523126,36.15,36.15,35.8,36.0,-0.1,917
2017-08-28,3706,1723102,61669370,36.1,36.1,35.6,35.8,-0.2,925
2017-08-29,3706,2155794,76572725,35.8,35.8,35.4,35.6,-0.2,1076
2017-08-30,3706,1338152,47570171,35.65,35.7,35.5,35.55,-0.05,808
2017-08-31,3706,2149822,77023959,35.6,36.15,35.5,35.95,0.4,1017
2017-09-01,3706,3642447,129861817,35.95,35.95,35.55,35.6,-0.35,1703
2017-09-04,3706,2144472,75766336,35.5,35.5,35.2,35.5,-0.1,1070
2017-09-05,3706,4278290,154222140,35.8,36.3,35.75,36.05,0.55,1875
2017-09-06,3706,3212915,114633509,36.1,36.1,35.45,35.65,-0.4,1482
2017-09-07,3706,1562075,55630958,35.8,35.8,35.5,35.65,0.0,942
2017-09-08,3706,2215666,78678995,35.7,35.75,35.4,35.65,0.0,1056
2017-09-11,3706,1915139,68431735,35.8,35.95,35.65,35.65,0.0,891
2017-09-12,3706,1723530,61434320,35.85,35.95,35.5,35.65,0.0,875
2017-09-13,3706,1331037,47449005,35.8,35.8,35.55,35.6,-0.05,673
2017-09-14,3706,1076767,38368577,35.6,35.75,35.45,35.75,0.15,625
2017-09-15,3706,2158197,76648247,35.8,35.8,35.35,35.65,-0.1,1026
2017-09-18,3706,3830506,137638222,35.65,36.45,35.45,36.2,0.55,2188
2017-09-19,3706,6219621,226664152,36.2,36.65,36.1,36.4,0.2,2458
2017-09-20,3706,3976475,145073454,36.5,36.7,36.3,36.4,0.0,1573
2017-09-21,3706,3174171,115996827,36.45,36.75,36.3,36.6,0.2,1301
2017-09-22,3706,2802029,101283023,36.65,36.7,35.85,36.2,-0.4,1275
2017-09-25,3706,2898608,103151527,36.2,36.25,35.35,35.8,-0.4,1164
2017-09-26,3706,5202558,188649188,36.2,36.75,35.7,35.8,0.0,2157
2017-09-27,3706,2162163,78140946,36.1,36.25,36.0,36.05,0.25,967
2017-09-28,3706,7487032,274462598,36.5,36.85,36.4,36.65,0.6,2866
2017-09-29,3706,4589257,168811542,36.8,37.05,36.5,36.75,0.1,2057
2017-09-30,3706,2596770,95890755,36.9,37.2,36.7,36.75,0.0,1027
2017-10-02,3706,2574758,94600445,36.9,36.95,36.6,36.6,-0.15,1220
2017-10-03,3706,2432925,89321296,36.7,36.95,36.55,36.6,0.0,1309
2017-10-05,3706,2764359,101171840,36.7,36.85,36.4,36.6,0.0,1113
2017-10-06,3706,3113394,114316950,36.9,37.1,36.45,36.65,0.05,1222
2017-10-11,3706,4693573,171391922,36.8,36.8,36.25,36.7,0.05,1981
2017-10-12,3706,22023404,838491242,36.9,38.55,36.9,38.25,1.55,8531
2017-10-13,3706,11390398,424879702,37.4,37.8,36.95,37.4,-0.85,4707
2017-10-16,3706,4277264,158940748,37.45,37.45,36.95,37.35,-0.05,2032
2017-10-17,3706,3214909,119591107,37.4,37.5,37.05,37.3,-0.05,1467
2017-10-18,3706,3837235,142899466,37.5,37.55,37.05,37.3,0.0,1464
2017-10-19,3706,3056335,114050442,37.4,37.5,37.2,37.35,0.05,1330
2017-10-20,3706,2043794,76160820,37.2,37.4,37.05,37.3,-0.05,855
2017-10-23,3706,2836091,105791171,37.3,37.6,37.1,37.5,0.2,1285
2017-10-24,3706,6248784,237497868,37.5,38.5,37.5,37.75,0.25,2860
2017-10-25,3706,2686060,101093293,37.85,37.95,37.5,37.75,0.0,1248
2017-10-26,3706,3690127,138487838,37.55,37.7,37.4,37.65,-0.1,1162
2017-10-27,3706,2619345,97912182,37.45,37.65,37.2,37.35,-0.3,1285
2017-10-30,3706,2281746,84824446,37.4,37.6,36.9,37.35,0.0,1093
2017-10-31,3706,1768596,66310742,37.35,37.85,37.1,37.5,0.15,839
2017-11-01,3706,1667620,62728989,37.65,37.8,37.35,37.45,-0.05,992
2017-11-02,3706,1225109,45796843,37.5,37.6,37.25,37.35,-0.1,561
2017-11-03,3706,2392085,88979793,37.35,37.55,37.0,37.25,-0.1,826
2017-11-06,3706,1832368,67686865,37.3,37.3,36.8,37.1,-0.15,919
2017-11-07,3706,1302518,48101850,37.1,37.2,36.8,37.0,-0.1,744
2017-11-08,3706,2075615,76356200,37.0,37.0,36.65,36.9,-0.1,787
2017-11-09,3706,2058484,75514697,36.9,37.0,36.5,36.7,-0.2,934
2017-11-10,3706,2202875,80339937,36.5,36.85,36.2,36.8,0.1,1109
2017-11-13,3706,2336602,84906158,36.7,36.7,36.1,36.3,-0.5,1105
2017-11-14,3706,2997305,107764418,36.05,36.25,35.7,35.7,-0.6,1185
2017-11-15,3706,7337605,258400710,35.55,35.55,34.9,35.15,-0.55,2489
2017-11-16,3706,1766543,62072094,35.0,35.4,34.95,35.15,0.0,1018
2017-11-17,3706,1310352,46136700,35.45,35.5,35.1,35.2,0.05,711
2017-11-20,3706,1644537,57617445,35.2,35.2,34.95,35.0,-0.2,674
2017-11-21,3706,2702277,95663071,35.2,35.7,35.05,35.5,0.5,1244
2017-11-22,3706,1732028,61629124,35.6,35.8,35.3,35.5,0.0,856
2017-11-23,3706,1144944,40440457,35.65,35.65,35.2,35.3,-0.2,592
2017-11-24,3706,2440019,85670997,35.3,35.3,34.95,35.15,-0.15,956
2017-11-27,3706,1092883,38398679,35.15,35.2,35.05,35.1,-0.05,577
2017-11-28,3706,953581,33585199,35.2,35.4,35.1,35.15,0.05,502
2017-11-29,3706,5098078,183411033,35.7,36.3,35.65,36.05,0.9,2263
2017-11-30,3706,3301977,118198622,35.5,36.05,35.3,36.0,-0.05,1510
2017-12-01,3706,5814044,204381990,35.8,35.8,34.45,35.05,-0.95,2638
2017-12-04,3706,3156080,110897007,35.3,35.35,34.8,35.25,0.2,1683
2017-12-05,3706,2345963,82729377,35.2,35.5,35.05,35.45,0.2,1206
2017-12-06,3706,1585881,55769011,35.4,35.45,35.0,35.2,-0.25,804
2017-12-07,3706,1066473,37569264,35.2,35.45,35.05,35.2,0.0,696
2017-12-08,3706,1354758,47752144,35.2,35.5,35.1,35.35,0.15,766
2017-12-11,3706,3051063,105859428,34.55,34.95,34.4,34.95,-0.4,1600
2017-12-12,3706,1780756,62691633,35.0,35.3,34.95,35.1,0.15,1004
2017-12-13,3706,5330109,190345322,35.1,35.9,35.1,35.8,0.7,2810
2017-12-14,3706,6725148,243739783,36.05,36.5,35.9,36.3,0.5,2685
2017-12-15,3706,10504328,380533752,36.5,36.65,35.9,35.9,-0.4,3641
2017-12-18,3706,5676199,207511819,36.3,36.8,35.9,36.75,0.85,3213
2017-12-19,3706,4300233,158448299,36.95,37.05,36.55,36.55,-0.2,2293
2017-12-20,3706,1845899,67651608,36.7,36.85,36.45,36.45,-0.1,1002
2017-12-21,3706,1143708,41790444,36.5,36.75,36.3,36.5,0.05,658
2017-12-22,3706,903080,32871475,36.5,36.7,36.2,36.25,-0.25,533
2017-12-25,3706,1523891,54802462,36.45,36.5,35.8,36.0,-0.25,905
2017-12-26,3706,1249759,44579107,36.0,36.1,35.5,35.7,-0.3,672
2017-12-27,3706,1185319,42129366,35.7,35.7,35.45,35.7,0.0,735
2017-12-28,3706,1320828,47013862,35.7,35.75,35.5,35.7,0.0,721
2017-12-29,3706,1831272,65088969,35.7,35.75,35.4,35.7,0.0,932
2018-01-02,3706,2032588,71833608,35.7,35.7,35.25,35.25,-0.45,974
2018-01-03,3706,1164818,41461427,35.3,35.75,35.3,35.6,0.35,658
2018-01-04,3706,831440,29573856,35.65,35.7,35.4,35.65,0.05,495
2018-01-05,3706,1339125,47781478,35.75,35.85,35.55,35.65,0.0,744
2018-01-08,3706,1653214,58592164,35.85,35.85,35.3,35.55,-0.1,963
2018-01-09,3706,1113078,39412395,35.5,35.55,35.3,35.55,0.0,710
2018-01-10,3706,8846239,303240034,35.5,35.5,33.6,33.95,-1.6,3816
2018-01-11,3706,1905016,64943536,33.65,34.45,33.65,34.4,0.45,1103
2018-01-12,3706,2665380,90656882,34.4,34.4,33.8,34.1,-0.3,1293
2018-01-15,3706,1222161,41507843,34.05,34.1,33.8,34.0,-0.1,698
2018-01-16,3706,2952231,99669858,34.0,34.0,33.65,33.9,-0.1,1406
2018-01-17,3706,3313432,111271627,33.9,33.95,33.45,33.45,-0.45,1513
2018-01-18,3706,3163347,106627186,33.8,34.0,33.45,33.8,0.35,1293
2018-01-19,3706,4906685,169882020,34.9,34.9,34.35,34.35,0.55,2213
2018-01-22,3706,3434160,117230922,34.7,34.7,34.0,34.15,-0.2,1558
2018-01-23,3706,1868346,63351014,34.2,34.2,33.7,34.0,-0.15,841
2018-01-24,3706,990224,33561468,34.0,34.05,33.8,34.0,0.0,515
2018-01-25,3706,1249652,42293749,33.95,33.95,33.75,33.9,-0.1,651
2018-01-26,3706,1173177,39525656,33.9,33.9,33.55,33.8,-0.1,599
2018-01-29,3706,1202195,40793030,33.9,34.15,33.65,34.05,0.25,751
2018-01-30,3706,766759,26036480,34.05,34.05,33.85,34.05,0.0,485
2018-01-31,3706,1949874,66282717,33.85,34.15,33.75,33.95,-0.1,830
2018-02-01,3706,1051283,35610567,34.0,34.05,33.7,33.7,-0.25,554
2018-02-02,3706,1678435,56259686,33.4,33.75,33.4,33.4,-0.3,997
2018-02-05,3706,2547798,83634316,32.9,33.05,32.65,32.85,-0.55,1349
2018-02-06,3706,5417089,168537910,32.35,32.35,29.9,30.5,-2.35,2509
2018-02-07,3706,2304826,71603989,31.0,31.3,30.9,31.0,0.5,1354
2018-02-08,3706,1597984,49981637,31.1,31.7,30.8,31.5,0.5,1007
2018-02-09,3706,1880453,58460414,30.8,31.55,30.5,31.5,0.0,1158
2018-02-12,3706,2316909,71867629,31.1,31.25,30.75,31.0,-0.5,1123
2018-02-21,3706,1450696,45480751,31.3,31.5,31.15,31.35,0.35,847
2018-02-22,3706,1183166,37296319,31.3,31.6,31.3,31.5,0.15,591
2018-02-23,3706,1084946,34408319,31.5,31.85,31.5,31.7,0.2,554
2018-02-26,3706,797757,25421929,31.95,31.95,31.8,31.85,0.15,483
2018-02-27,3706,1366434,44196507,32.0,32.65,32.0,32.45,0.6,785
2018-03-01,3706,1656873,54112054,32.45,33.0,32.2,32.9,0.45,962
2018-03-02,3706,1210038,39295618,32.6,32.65,32.3,32.6,-0.3,823
2018-03-05,3706,1069902,34485294,32.6,32.6,32.05,32.1,-0.5,768
2018-03-06,3706,755220,24270786,32.2,32.35,32.0,32.1,0.0,590
2018-03-07,3706,682803,21937158,32.1,32.3,31.85,31.9,-0.2,490
2018-03-08,3706,660783,21328804,32.05,32.4,32.05,32.3,0.4,450
2018-03-09,3706,1197663,38523372,32.3,32.4,32.05,32.2,-0.1,724
2018-03-12,3706,2906952,95953394,32.4,33.3,32.4,33.3,1.1,1611
2018-03-13,3706,1553784,51473545,32.95,33.3,32.85,33.2,-0.1,1036
2018-03-14,3706,1777468,58964344,33.0,33.45,32.85,33.0,-0.2,1158
2018-03-15,3706,1388035,46004284,32.9,33.25,32.9,33.0,0.0,782
2018-03-16,3706,10033765,337712626,33.05,33.8,32.7,33.8,0.8,1483
2018-03-19,3706,1701826,56688360,33.65,33.65,33.15,33.3,-0.5,966
2018-03-20,3706,884554,29054374,33.2,33.2,32.7,32.8,-0.5,654
2018-03-21,3706,1209418,39504586,32.85,33.0,32.5,32.6,-0.2,853
2018-03-22,3706,969791,31423973,32.65,32.8,32.1,32.35,-0.25,588
2018-03-23,3706,1658356,52623215,31.9,31.95,31.45,31.7,-0.65,978
2018-03-26,3706,5861079,193496978,32.95,33.3,32.75,32.9,1.2,2836
2018-03-27,3706,2821202,94196880,33.1,33.6,33.0,33.45,0.55,1312
2018-03-28,3706,1022948,34147745,33.3,33.6,33.1,33.5,0.05,624
2018-03-29,3706,1210390,40699317,33.6,33.7,33.55,33.65,0.15,737
2018-03-30,3706,1573605,53251752,33.65,34.0,33.65,33.9,0.25,753
2018-03-31,3706,1127385,38312454,33.95,34.35,33.7,34.2,0.3,546
2018-04-02,3706,1243004,42187413,34.2,34.2,33.75,33.8,-0.4,741
2018-04-03,3706,1291148,43340954,33.35,33.75,33.35,33.65,-0.15,866
2018-04-09,3706,945827,31933138,33.5,33.95,33.45,33.85,0.2,621
2018-04-10,3706,1082464,36382974,33.55,33.75,33.45,33.75,-0.1,649
2018-04-11,3706,1663317,55784575,33.75,33.85,33.3,33.3,-0.45,775
2018-04-12,3706,1941872,64984590,33.4,33.8,33.25,33.4,0.1,1153
2018-04-13,3706,1211023,40654454,33.5,33.7,33.35,33.5,0.1,749
2018-04-16,3706,1070231,35770688,33.65,33.65,33.25,33.5,0.0,713
2018-04-17,3706,1242597,41412137,33.6,33.6,33.15,33.5,0.0,892
2018-04-18,3706,1609156,53982989,33.6,33.6,33.4,33.5,0.0,973
2018-04-19,3706,859076,28776219,33.5,33.6,33.35,33.55,0.05,628
2018-04-20,3706,504872,16902007,33.55,33.55,33.3,33.55,0.0,335
2018-04-23,3706,942692,31415949,33.4,33.5,33.1,33.4,-0.15,602
2018-04-24,3706,2176577,71322117,33.3,33.3,32.15,32.55,-0.85,1071
2018-04-25,3706,1921680,61621568,32.0,32.15,31.85,32.1,-0.45,804
2018-04-26,3706,1131744,36295654,32.2,32.2,31.8,31.8,-0.3,596
2018-04-27,3706,782915,25033667,31.95,32.1,31.9,31.95,0.15,408
2018-04-30,3706,1016441,32678240,32.05,32.25,32.05,32.15,0.2,447
2018-05-02,3706,1256666,40190712,32.25,32.25,31.85,32.0,-0.15,629
2018-05-03,3706,667201,21232383,32.1,32.1,31.65,31.85,-0.15,437
2018-05-04,3706,943677,29875445,31.75,31.8,31.5,31.7,-0.15,535
2018-05-07,3706,784659,24844422,31.7,31.8,31.6,31.7,0.0,445
2018-05-08,3706,1161542,36910631,31.7,31.95,31.65,31.95,0.25,493
2018-05-09,3706,750533,24110506,31.95,32.25,31.95,32.15,0.2,453
2018-05-10,3706,1528598,48616002,31.8,32.15,31.45,32.1,-0.05,814
2018-05-11,3706,2489449,80206198,32.1,32.5,32.0,32.25,0.15,1047
2018-05-14,3706,1785094,57377796,32.3,32.45,31.95,32.1,-0.15,866
2018-05-15,3706,888928,28738805,32.25,32.6,32.1,32.5,0.4,456
2018-05-16,3706,1048810,34097816,32.5,32.65,32.35,32.5,0.0,546
2018-05-17,3706,747061,24400474,32.6,32.75,32.55,32.55,0.05,450
2018-05-18,3706,836580,27306863,32.8,32.8,32.45,32.7,0.15,449
2018-05-21,3706,1511179,49597458,32.7,33.0,32.55,32.9,0.2,632
2018-05-22,3706,1168885,38274723,32.9,32.95,32.6,32.8,-0.1,505
2018-05-23,3706,734790,24081783,32.8,32.9,32.7,32.75,-0.05,427
2018-05-24,3706,727510,23836814,32.85,32.85,32.7,32.8,0.05,454
2018-05-25,3706,942708,30921109,32.7,33.0,32.6,32.95,0.15,495
2018-05-28,3706,2066881,68554173,33.05,33.35,33.0,33.05,0.1,847
2018-05-29,3706,1064577,35038314,33.0,33.0,32.8,32.9,-0.15,574
2018-05-30,3706,1286022,42076749,32.8,32.8,32.65,32.7,-0.2,591
2018-05-31,3706,1349730,44337716,32.95,33.05,32.75,32.9,0.2,525
2018-06-01,3706,850058,27905639,33.0,33.0,32.75,32.75,-0.15,435
2018-06-04,3706,1951193,64693281,32.8,33.4,32.8,33.2,0.45,1130
2018-06-05,3706,1624418,54202720,33.4,33.5,33.25,33.45,0.25,838
2018-06-06,3706,2343142,78898042,33.6,33.85,33.5,33.6,0.15,1273
2018-06-07,3706,2244698,75750318,33.9,33.95,33.6,33.7,0.1,1156
2018-06-08,3706,1112651,37419101,33.7,33.8,33.5,33.5,-0.2,530
2018-06-11,3706,2543855,83971516,33.2,33.2,32.8,32.95,-0.55,1294
2018-06-12,3706,983847,32396955,32.95,33.1,32.85,32.95,0.0,587
2018-06-13,3706,679117,22423291,33.0,33.15,32.85,32.95,0.0,398
2018-06-14,3706,752894,24819602,32.95,33.05,32.9,33.0,0.05,471
2018-06-15,3706,2047736,67294340,32.9,33.05,32.8,32.8,-0.2,1050
2018-06-19,3706,1542189,50470970,32.65,32.85,32.6,32.85,0.05,772
2018-06-20,3706,1126426,36870411,32.85,32.9,32.6,32.9,0.05,721
2018-06-21,3706,1104442,36390355,32.8,33.15,32.75,33.0,0.1,479
2018-06-22,3706,1606282,52621441,33.0,33.0,32.65,32.95,-0.05,716
2018-06-25,3706,1439784,47415383,32.95,33.05,32.8,32.95,0.0,477
2018-06-26,3706,931838,30643468,32.8,33.0,32.65,32.95,0.0,553
2018-06-27,3706,870622,28678547,32.95,33.1,32.85,32.95,0.0,529
2018-06-28,3706,1266033,41555473,32.85,32.95,32.65,32.9,-0.05,725
2018-06-29,3706,926374,30527589,32.9,33.05,32.85,33.05,0.15,511
2018-07-02,3706,862276,28491621,33.05,33.15,33.0,33.0,-0.05,457
2018-07-03,3706,1157796,38241638,33.0,33.25,32.8,33.0,0.0,731
2018-07-04,3706,400112,13177480,32.85,33.1,32.8,33.0,0.0,281
2018-07-05,3706,529648,17466628,33.0,33.1,32.85,33.0,0.0,316
2018-07-06,3706,1496553,48957502,33.0,33.0,32.45,32.85,-0.15,823
2018-07-09,3706,498626,16377451,32.85,33.0,32.7,32.85,0.0,303
2018-07-10,3706,709493,23211267,32.7,32.95,32.6,32.6,-0.25,409
2018-07-11,3706,914562,29686409,32.6,32.7,32.3,32.5,-0.1,656
2018-07-12,3706,446222,14501408,32.5,32.6,32.4,32.5,0.0,313
2018-07-13,3706,425030,13909017,32.8,32.8,32.55,32.8,0.3,318
2018-07-16,3706,873315,28854202,32.85,33.25,32.85,32.95,0.15,538
2018-07-17,3706,736865,24350898,33.0,33.15,32.8,33.1,0.15,579
2018-07-18,3706,1582490,52734655,33.0,33.5,33.0,33.35,0.25,931
2018-07-19,3706,3983377,135077794,33.35,34.1,33.35,33.85,0.5,1871
2018-07-20,3706,1422581,48140968,33.95,34.1,33.7,33.8,-0.05,721
2018-07-23,3706,702762,23725371,33.8,33.95,33.55,33.8,0.0,436
2018-07-24,3706,975557,33061941,33.85,34.1,33.8,34.0,0.2,678
2018-07-25,3706,1216493,41381572,34.0,34.1,33.85,34.05,0.05,586
2018-07-26,3706,829901,28296034,34.1,34.2,34.0,34.1,0.05,497
2018-07-27,3706,881810,29921398,34.1,34.15,33.85,33.95,-0.15,505
2018-07-30,3706,1162520,39116339,33.95,33.95,33.45,33.75,-0.2,561
2018-07-31,3706,923989,31189272,33.75,33.9,33.6,33.9,0.15,551
2018-08-01,3706,566435,19171113,33.9,33.9,33.75,33.9,0.0,372
2018-08-02,3706,701583,23679817,33.9,33.9,33.65,33.75,-0.15,386
2018-08-03,3706,658737,22182225,33.75,33.8,33.6,33.8,0.05,430
2018-08-06,3706,410581,13865371,33.8,33.9,33.7,33.75,-0.05,260
2018-08-07,3706,1747433,59511133,33.9,34.15,33.9,34.1,0.35,1076
2018-08-08,3706,1094530,37437033,34.2,34.35,34.1,34.1,0.0,583
2018-08-09,3706,399108,13571102,34.1,34.15,33.9,34.0,-0.1,254
2018-08-10,3706,1055266,35609527,33.95,33.95,33.6,33.8,-0.2,573
2018-08-13,3706,1467895,49582602,33.95,34.1,33.45,33.7,-0.1,774
2018-08-14,3706,943283,31988518,33.8,34.1,33.65,34.05,0.35,511
2018-08-15,3706,930307,31592763,34.05,34.1,33.85,34.05,0.0,400
2018-08-16,3706,801149,27137994,33.8,34.05,33.65,34.0,-0.05,382
2018-08-17,3706,662743,22551327,34.0,34.1,33.95,34.0,0.0,360
2018-08-20,3706,636519,21636046,34.0,34.05,33.9,34.0,0.0,420
2018-08-21,3706,731011,24877860,34.0,34.1,33.95,34.1,0.1,406
2018-08-22,3706,1435378,49050963,34.05,34.3,34.0,34.2,0.1,714
2018-08-23,3706,996723,34152274,34.25,34.35,34.15,34.35,0.15,541
2018-08-24,3706,641106,21992673,34.4,34.4,34.2,34.35,0.0,385
2018-08-27,3706,2541395,88150057,34.4,34.85,34.4,34.8,0.45,1099
2018-08-28,3706,2749574,96162390,35.0,35.1,34.85,35.0,0.2,1183
2018-08-29,3706,2559359,90047314,35.05,35.3,35.05,35.3,0.3,1076
2018-08-30,3706,2598020,91594587,35.4,35.5,35.1,35.25,-0.05,1289
2018-08-31,3706,3072456,108555622,35.2,35.5,35.15,35.5,0.25,1184
2018-09-03,3706,4149259,147465374,35.55,35.6,35.45,35.6,0.1,1485
2018-09-04,3706,6440194,229140770,35.75,35.9,35.4,35.4,-0.2,2296
2018-09-05,3706,6558130,195301517,29.65,29.95,29.6,29.75,0.0,2468
2018-09-06,3706,2133322,63838074,29.8,30.1,29.75,29.85,0.1,876
2018-09-07,3706,3233013,95002771,29.85,29.9,28.9,29.45,-0.4,1349
2018-09-10,3706,2537299,72872101,29.2,29.2,28.55,28.65,-0.8,1181
2018-09-11,3706,1839213,52225980,28.5,28.6,28.2,28.6,-0.05,1093
2018-09-12,3706,2834952,79544685,28.65,28.7,27.9,28.25,-0.35,1323
2018-09-13,3706,1643844,46162114,28.35,28.35,27.85,28.25,0.0,952
2018-09-14,3706,1314306,37227666,28.3,28.5,28.1,28.35,0.1,569
2018-09-17,3706,800033,22777280,28.4,28.65,28.15,28.4,0.05,362
2018-09-18,3706,1039704,29597619,28.4,28.65,28.3,28.35,-0.05,558
2018-09-19,3706,756469,21551410,28.35,28.6,28.35,28.45,0.1,537
2018-09-20,3706,998016,28351244,28.55,28.55,28.3,28.45,0.0,514
2018-09-21,3706,1021096,29047174,28.35,28.55,28.3,28.55,0.1,563
2018-09-25,3706,632442,18034154,28.55,28.6,28.3,28.5,-0.05,364
2018-09-26,3706,952044,27078293,28.5,28.5,28.35,28.5,0.0,515
2018-09-27,3706,1196380,33985052,28.4,28.5,28.35,28.45,-0.05,603
2018-09-28,3706,1356449,38454291,28.45,28.45,28.25,28.4,-0.05,564
2018-10-01,3706,1023480,28927050,28.4,28.4,28.2,28.25,-0.15,450
2018-10-02,3706,2150236,60014725,28.3,28.3,27.75,27.75,-0.5,1307
2018-10-03,3706,4807665,130140214,27.6,27.6,26.6,26.9,-0.85,2505
2018-10-04,3706,2570164,68223573,26.85,26.9,26.4,26.65,-0.25,1605
2018-10-05,3706,2080762,54738558,26.4,26.45,26.15,26.3,-0.35,1115
2018-10-08,3706,1586119,42035965,26.15,26.75,26.15,26.5,0.2,1050
2018-10-09,3706,1389811,37092323,26.4,26.85,26.4,26.85,0.35,724
2018-10-11,3706,4222449,107803927,25.1,25.85,25.1,25.75,-1.1,1443
2018-10-12,3706,1779599,45812041,25.1,26.25,25.1,26.25,0.5,951
2018-10-15,3706,1224542,32238406,25.95,26.65,25.9,26.35,0.1,702
2018-10-16,3706,1090781,28722242,26.5,26.65,26.05,26.35,0.0,707
2018-10-17,3706,1063980,27852799,26.5,26.6,25.7,25.7,-0.65,677
2018-10-18,3706,2215414,55983741,25.65,25.7,25.05,25.15,-0.55,1218
2018-10-19,3706,1473271,36643186,25.15,25.15,24.65,24.9,-0.25,863
2018-10-22,3706,2522980,62265837,24.9,25.25,24.35,24.45,-0.45,1259
2018-10-23,3706,1911014,47427827,24.4,25.05,24.3,24.7,0.25,973
2018-10-24,3706,921938,23049676,24.7,25.2,24.7,25.1,0.4,517
2018-10-25,3706,1468820,36296026,24.55,24.9,24.5,24.7,-0.4,569
2018-10-26,3706,944636,23523890,24.8,25.1,24.75,24.95,0.25,523
2018-10-29,3706,1019112,25205586,24.6,25.0,24.55,24.65,-0.3,586
2018-10-30,3706,617323,15230204,24.85,24.85,24.55,24.7,0.05,367
2018-10-31,3706,935559,23472252,24.7,25.25,24.7,25.1,0.4,447
2018-11-01,3706,564322,14182537,25.05,25.3,24.95,25.0,-0.1,410
2018-11-02,3706,1236815,31364264,25.05,25.5,25.05,25.45,0.45,769
2018-11-05,3706,1960932,51443537,25.4,26.6,25.25,26.6,1.15,1240
2018-11-06,3706,668978,17637808,26.6,26.6,26.2,26.4,-0.2,496
2018-11-07,3706,390677,10242013,26.15,26.35,26.1,26.25,-0.15,273
2018-11-08,3706,329874,8664578,26.45,26.45,26.2,26.2,-0.05,264
2018-11-09,3706,597782,15548522,26.05,26.2,25.9,25.95,-0.25,363
2018-11-12,3706,354000,9266333,25.9,26.3,25.85,26.3,0.35,283
2018-11-13,3706,1348586,35922549,25.95,27.1,25.8,27.0,0.7,878
2018-11-14,3706,1234048,33762549,27.1,27.5,27.1,27.45,0.45,744
2018-11-15,3706,783573,21319072,27.45,27.5,27.1,27.2,-0.25,598
2018-11-16,3706,526382,14360559,27.35,27.4,27.15,27.35,0.15,420
2018-11-19,3706,260153,7115077,27.35,27.45,27.2,27.4,0.05,243
2018-11-20,3706,381487,10399831,27.3,27.4,27.1,27.3,-0.1,281
2018-11-21,3706,704347,19115169,27.15,27.35,27.0,27.0,-0.3,455
2018-11-22,3706,651585,17727998,27.0,27.4,27.0,27.35,0.35,360
2018-11-23,3706,320410,8724594,27.35,27.4,27.1,27.2,-0.15,244
2018-11-26,3706,646190,17729276,27.15,27.65,27.15,27.35,0.15,468
2018-11-27,3706,309115,8469229,27.35,27.5,27.3,27.35,0.0,270
2018-11-28,3706,1499542,41647076,27.35,28.0,27.35,28.0,0.65,939
2018-11-29,3706,1808768,51705320,28.8,28.95,28.25,28.3,0.3,944
2018-11-30,3706,1124503,31926697,28.6,28.6,28.25,28.25,-0.05,563
2018-12-03,3706,1059505,30315342,28.7,28.8,28.5,28.55,0.3,653
2018-12-04,3706,844127,23891831,28.55,28.65,28.2,28.25,-0.3,490
2018-12-05,3706,542074,15151522,28.0,28.15,27.75,27.95,-0.3,332
2018-12-06,3706,1030089,28185089,27.8,27.8,27.1,27.15,-0.8,629
2018-12-07,3706,537553,14699108,27.25,27.5,27.15,27.45,0.3,436
2018-12-10,3706,1152071,31106517,27.05,27.25,26.8,26.85,-0.6,651
2018-12-11,3706,524817,14243908,27.0,27.25,27.0,27.25,0.4,406
2018-12-12,3706,1018883,27823381,27.4,27.6,27.05,27.35,0.1,522
2018-12-13,3706,395402,10772501,27.45,27.45,27.15,27.3,-0.05,322
2018-12-14,3706,1245591,33403287,27.15,27.15,26.7,26.75,-0.55,852
2018-12-17,3706,1902636,49748117,26.5,26.5,26.0,26.0,-0.75,1165
2018-12-18,3706,2221882,57814811,25.9,26.4,25.85,26.1,0.1,1206
2018-12-19,3706,2757152,70727330,26.05,26.05,25.5,25.55,-0.55,1473
2018-12-20,3706,3473813,87362694,25.55,25.55,24.9,24.9,-0.65,1705
2018-12-21,3706,10920537,263790766,24.65,24.85,23.85,23.85,-1.05,2719
2018-12-22,3706,2844640,69949360,24.15,24.85,24.15,24.7,0.85,1545
2018-12-24,3706,5708638,138725175,24.9,24.9,24.05,24.05,-0.65,2579
2018-12-25,3706,6789727,160602399,23.65,23.95,23.4,23.4,-0.65,2468
2018-12-26,3706,2782799,66892501,23.7,24.25,23.7,24.0,0.6,1388
2018-12-27,3706,2346742,57790146,24.6,24.75,24.45,24.55,0.55,1239
2018-12-28,3706,1032775,25464338,24.55,24.75,24.55,24.65,0.1,466
2019-01-02,3706,1058131,25912204,24.95,24.95,24.2,24.35,-0.3,573
2019-01-03,3706,901705,21956216,24.5,24.5,24.2,24.35,0.0,644
2019-01-04,3706,885556,21344229,24.25,24.3,23.9,24.25,-0.1,503
2019-01-07,3706,741988,18285175,24.55,24.75,24.55,24.7,0.45,446
2019-01-08,3706,565695,13980706,24.75,24.8,24.6,24.7,0.0,444
2019-01-09,3706,1779760,44762228,25.0,25.35,24.85,25.3,0.6,1054
2019-01-10,3706,1312858,33306510,25.35,25.65,25.15,25.55,0.25,756
2019-01-11,3706,1221786,31364911,25.5,25.8,25.5,25.7,0.15,815
2019-01-14,3706,2204316,57401620,25.9,26.2,25.8,26.05,0.35,1234
2019-01-15,3706,1044464,27284944,26.05,26.25,25.95,26.2,0.15,624
2019-01-16,3706,1534625,40527254,26.45,26.5,26.25,26.4,0.2,891
2019-01-17,3706,1700626,45297369,26.5,26.75,26.45,26.75,0.35,1096
2019-01-18,3706,1328354,35714968,26.75,27.0,26.65,27.0,0.25,799
2019-01-21,3706,1551326,41622140,27.15,27.15,26.55,26.55,-0.45,873
2019-01-22,3706,778430,20726838,26.55,26.8,26.5,26.65,0.1,572
2019-01-23,3706,666001,17858063,26.65,26.95,26.55,26.85,0.2,392
2019-01-24,3706,1154894,31019540,26.9,26.95,26.75,26.9,0.05,617
2019-01-25,3706,3428465,93861249,26.95,27.6,26.85,27.5,0.6,1296
2019-01-28,3706,1219645,33583014,27.4,27.7,27.35,27.6,0.1,706
2019-01-29,3706,1428521,39291661,27.5,27.65,27.35,27.65,0.05,851
2019-01-30,3706,1341179,37087161,27.6,27.75,27.5,27.55,-0.1,765
2019-02-11,3706,3314716,93019815,27.55,28.4,27.5,28.35,0.8,1879
2019-02-12,3706,2799652,78954606,28.35,28.55,27.8,28.0,-0.35,1356
2019-02-13,3706,1223167,34522673,28.05,28.3,28.05,28.25,0.25,533
2019-02-14,3706,972646,27543953,28.2,28.5,28.15,28.3,0.05,459
2019-02-15,3706,2035236,57549595,27.8,28.55,27.8,28.25,-0.05,902
2019-02-18,3706,830841,23494096,28.4,28.45,28.2,28.2,-0.05,467
2019-02-19,3706,734853,20784131,28.2,28.4,28.2,28.2,0.0,372
2019-02-20,3706,2340890,66749596,28.2,28.75,28.2,28.6,0.4,1025
2019-02-21,3706,1440235,41276824,28.7,28.75,28.55,28.6,0.0,891
2019-02-22,3706,1132868,32413548,28.6,28.75,28.5,28.6,0.0,595
2019-02-25,3706,755018,21605732,28.6,28.7,28.55,28.6,0.0,467
2019-02-26,3706,2871655,83309245,28.7,29.6,28.5,29.15,0.55,1021
2019-02-27,3706,6618186,198516057,30.3,30.3,29.75,29.9,0.75,2620
2019-03-04,3706,13205425,414930950,30.55,31.95,30.55,31.9,2.0,5897
2019-03-05,3706,6259038,199984643,31.75,32.15,31.5,32.05,0.15,3366
2019-03-06,3706,3666997,116940761,32.1,32.1,31.75,31.8,-0.25,1806
2019-03-07,3706,4339269,135704556,31.8,31.8,31.05,31.05,-0.75,2442
2019-03-08,3706,2687740,83104633,30.95,31.2,30.6,31.15,0.1,1396
2019-03-11,3706,2807168,87372094,31.15,31.4,31.0,31.05,-0.1,1947
2019-03-12,3706,3954956,122272685,31.1,31.35,30.7,30.8,-0.25,2170
2019-03-13,3706,2364898,73038134,30.8,31.2,30.7,30.85,0.05,1284
2019-03-14,3706,2463070,76031865,31.0,31.05,30.7,30.85,0.0,1126
2019-03-15,3706,12455388,384979928,30.85,31.05,30.3,31.05,0.2,2841
2019-03-18,3706,2984285,93008664,31.05,31.4,30.95,31.3,0.25,1595
2019-03-19,3706,2095332,65890582,31.4,31.55,31.35,31.5,0.2,1073
2019-03-20,3706,1918322,60458041,31.5,31.6,31.35,31.5,0.0,1048
2019-03-21,3706,1573488,49604848,31.5,31.65,31.45,31.5,0.0,882
2019-03-22,3706,1755582,55511506,31.55,31.75,31.55,31.6,0.1,1042
2019-03-25,3706,1833743,57435161,31.45,31.45,31.15,31.4,-0.2,915
2019-03-26,3706,1080934,34102390,31.5,31.6,31.45,31.6,0.2,614
2019-03-27,3706,1422309,44950227,31.7,31.7,31.5,31.65,0.05,832
2019-03-28,3706,1337705,42114086,31.35,31.6,31.35,31.6,-0.05,842
2019-03-29,3706,1708768,54001144,31.7,31.7,31.5,31.55,-0.05,998
2019-04-01,3706,1732005,54674585,31.55,31.65,31.5,31.65,0.1,903
2019-04-02,3706,1681281,53403337,31.7,31.85,31.65,31.7,0.05,976
2019-04-03,3706,1981471,63073179,31.8,31.95,31.75,31.9,0.2,1097
2019-04-08,3706,3838007,124352236,32.0,32.55,32.0,32.5,0.6,1926
2019-04-09,3706,1809091,58809513,32.6,32.7,32.45,32.5,0.0,992
2019-04-10,3706,2217793,71266359,32.35,32.35,32.05,32.05,-0.45,1232
2019-04-11,3706,1624549,51961362,32.0,32.15,31.9,32.0,-0.05,849
2019-04-12,3706,2818431,89038958,32.0,32.0,31.3,31.4,-0.6,1435
2019-04-15,3706,937411,29661877,31.6,31.8,31.55,31.6,0.2,591
2019-04-16,3706,891776,28242614,31.8,31.85,31.55,31.7,0.1,493
2019-04-17,3706,1564011,49712621,31.8,31.9,31.65,31.85,0.15,871
2019-04-18,3706,2292971,72076872,31.85,31.85,31.25,31.25,-0.6,1111
2019-04-19,3706,994732,31210425,31.35,31.55,31.3,31.35,0.1,477
2019-04-22,3706,610551,19184882,31.35,31.5,31.3,31.45,0.1,379
2019-04-23,3706,863082,27256675,31.6,31.75,31.4,31.65,0.2,525
2019-04-24,3706,649327,20537213,31.7,31.75,31.5,31.6,-0.05,431
2019-04-25,3706,667596,21141859,31.6,31.75,31.55,31.65,0.05,428
2019-04-26,3706,941405,29831922,31.75,31.75,31.6,31.7,0.05,519
2019-04-29,3706,2340348,75015318,31.9,32.3,31.8,31.95,0.25,1111
2019-04-30,3706,889476,28443182,32.0,32.1,31.9,32.0,0.05,520
2019-05-02,3706,1757950,56704716,32.0,32.35,32.0,32.35,0.35,979
2019-05-03,3706,1512430,48857873,32.3,32.4,32.25,32.25,-0.1,872
2019-05-06,3706,2191602,69900452,32.1,32.1,31.75,31.9,-0.35,1186
2019-05-07,3706,1052592,33645984,31.85,32.05,31.85,32.0,0.1,525
2019-05-08,3706,1081051,34287684,31.8,31.9,31.55,31.7,-0.3,704
2019-05-09,3706,1421615,44880711,31.6,31.8,31.5,31.5,-0.2,832
2019-05-10,3706,6357404,193456477,30.8,30.8,30.1,30.1,-1.4,3386
2019-05-13,3706,2942123,86258055,29.75,29.75,29.05,29.35,-0.75,1574
2019-05-14,3706,2327678,68258585,29.0,29.7,28.7,29.65,0.3,1265
2019-05-15,3706,1595240,47817550,29.7,30.1,29.7,30.0,0.35,979
2019-05-16,3706,1193027,35503487,30.0,30.0,29.5,29.5,-0.5,724
2019-05-17,3706,1003184,29686782,29.6,29.75,29.3,29.6,0.1,620
2019-05-20,3706,983076,28994323,29.6,29.75,29.35,29.4,-0.2,652
2019-05-21,3706,980628,28789277,29.3,29.65,29.0,29.5,0.1,665
2019-05-22,3706,752488,22256133,29.5,29.7,29.4,29.55,0.05,282
2019-05-23,3706,907874,26615591,29.45,29.45,29.25,29.35,-0.2,609
2019-05-24,3706,1731038,50527847,29.35,29.35,29.1,29.2,-0.15,1129
2019-05-27,3706,787690,23006617,29.25,29.35,29.1,29.3,0.1,478
2019-05-28,3706,2322825,67170700,29.3,29.55,28.6,28.6,-0.7,895
2019-05-29,3706,1731484,50274044,28.8,29.2,28.8,29.2,0.6,1088
2019-05-30,3706,2331581,67582306,29.1,29.15,28.9,29.1,-0.1,1390
2019-05-31,3706,1935468,56504495,29.1,29.45,29.0,29.4,0.3,1191
2019-06-03,3706,1124722,32816973,29.15,29.3,29.05,29.15,-0.25,740
2019-06-04,3706,1373146,40538894,29.2,29.35,29.15,29.15,0.0,712
2019-06-05,3706,1035718,30317261,29.3,29.4,29.15,29.2,0.05,736
2019-06-06,3706,918101,26858844,29.25,29.35,29.2,29.25,0.05,554
2019-06-10,3706,1072095,31524292,29.4,29.55,29.3,29.45,0.2,711
2019-06-11,3706,2590384,77460259,29.85,30.25,29.55,29.75,0.3,1223
2019-06-12,3706,1354569,40077342,29.65,29.7,29.5,29.55,-0.2,861
2019-06-13,3706,1546496,45733040,29.6,29.8,29.45,29.55,0.0,897
2019-06-14,3706,1573450,46544267,29.75,29.75,29.5,29.5,-0.05,1037
2019-06-17,3706,903540,26676018,29.5,29.65,29.4,29.6,0.1,608
2019-06-18,3706,1176200,34738181,29.6,29.85,29.45,29.7,0.1,865
2019-06-19,3706,1469591,43678553,29.8,29.85,29.6,29.7,0.0,1122
2019-06-20,3706,1775891,53393009,29.7,30.35,29.7,30.1,0.4,1309
2019-06-21,3706,1223652,36996493,30.3,30.35,30.15,30.3,0.2,603
2019-06-24,3706,1499891,45961239,30.3,30.8,30.25,30.7,0.4,862
2019-06-25,3706,1628167,50239343,30.85,30.95,30.7,30.95,0.25,806
2019-06-26,3706,1462379,44869637,30.9,30.95,30.55,30.7,-0.25,692
2019-06-27,3706,1327376,40945081,30.8,30.9,30.7,30.9,0.2,684
2019-06-28,3706,1520597,47128262,30.9,31.1,30.9,31.1,0.2,718
2019-07-01,3706,1287063,40252154,31.3,31.35,31.2,31.35,0.25,759
2019-07-02,3706,1249767,38982464,31.35,31.35,31.1,31.2,-0.15,696
2019-07-03,3706,1215723,37982878,31.2,31.3,31.1,31.3,0.1,572
2019-07-04,3706,819859,25660881,31.3,31.4,31.25,31.3,0.0,420
2019-07-05,3706,719245,22494429,31.3,31.35,31.2,31.35,0.05,434
2019-07-08,3706,1015509,32014472,31.6,31.6,31.4,31.55,0.2,532
2019-07-09,3706,1741454,54730900,31.55,31.6,31.3,31.35,-0.2,986
2019-07-10,3706,1733718,55015632,31.75,31.85,31.65,31.8,0.45,967
2019-07-11,3706,2086204,66621737,32.0,32.0,31.85,32.0,0.2,986
2019-07-12,3706,1811858,57960426,32.0,32.2,31.85,32.15,0.15,763
2019-07-15,3706,2349891,76046410,32.35,32.5,32.15,32.45,0.3,1041
2019-07-16,3706,1504733,48602503,32.45,32.45,32.2,32.4,-0.05,817
2019-07-17,3706,1300139,41890444,32.25,32.3,32.1,32.15,-0.25,717
2019-07-18,3706,762782,24494696,32.1,32.2,32.05,32.05,-0.1,470
2019-07-19,3706,1177228,37717568,32.1,32.15,31.95,31.95,-0.1,619
2019-07-22,3706,991097,31698379,32.0,32.15,31.9,31.9,-0.05,574
2019-07-23,3706,1350595,42891022,31.9,31.9,31.65,31.75,-0.15,726
2019-07-24,3706,1155227,36842808,31.75,32.0,31.75,31.85,0.1,562
2019-07-25,3706,1003930,32131560,32.1,32.1,31.95,32.05,0.2,494
2019-07-26,3706,2999971,96321222,32.1,32.2,31.95,32.1,0.05,822
2019-07-29,3706,1376072,44414456,32.1,32.4,32.05,32.35,0.25,563
2019-07-30,3706,1239228,40104029,32.4,32.5,32.3,32.35,0.0,591
2019-07-31,3706,866780,27961390,32.35,32.4,32.2,32.35,0.0,450
2019-08-01,3706,1190986,38334688,32.25,32.25,32.1,32.2,-0.15,546
2019-08-02,3706,2879182,91545764,32.2,32.2,31.45,31.9,-0.3,1235
2019-08-05,3706,2335505,73015691,31.5,31.7,31.0,31.2,-0.7,1130
2019-08-06,3706,1941600,59344100,30.5,31.0,30.15,31.0,-0.2,1006
2019-08-07,3706,707757,22030317,31.05,31.35,30.9,31.0,0.0,467
2019-08-08,3706,740374,23033795,30.8,31.3,30.8,31.3,0.3,455
2019-08-12,3706,764393,24044777,31.3,31.6,31.3,31.5,0.2,413
2019-08-13,3706,1377806,42998184,31.35,31.4,31.1,31.4,-0.1,767
2019-08-14,3706,1619429,51341870,31.65,31.9,31.6,31.65,0.25,794
2019-08-15,3706,1529628,47735454,31.0,31.4,31.0,31.4,-0.25,764
2019-08-16,3706,1156645,36347265,31.5,31.6,31.2,31.45,0.05,582
2019-08-19,3706,1606137,50968283,31.6,31.85,31.6,31.8,0.35,693
2019-08-20,3706,1209833,38562217,31.9,31.95,31.75,31.85,0.05,616
2019-08-21,3706,1984590,63387439,31.9,32.0,31.85,31.9,0.05,733
2019-08-22,3706,2686753,85528442,31.9,32.0,31.65,31.75,-0.15,1020
2019-08-23,3706,1786065,56742349,31.75,31.85,31.7,31.8,0.05,599
2019-08-26,3706,2885973,91073423,31.4,31.75,31.35,31.55,-0.25,902
2019-08-27,3706,6206148,196156616,31.65,31.75,31.5,31.55,0.0,1978
2019-08-28,3706,6205456,165530739,26.2,26.75,26.2,26.65,0.0,2090
2019-08-29,3706,3127426,84685851,26.75,27.3,26.75,27.3,0.65,1585
2019-08-30,3706,2815217,77649268,27.45,27.6,27.4,27.6,0.3,1087
2019-09-02,3706,1900063,52633667,27.6,27.75,27.4,27.65,0.05,739
2019-09-03,3706,1270585,35123898,27.5,27.75,27.5,27.65,0.0,688
2019-09-04,3706,979380,27006011,27.35,27.7,27.35,27.6,-0.05,576
2019-09-05,3706,1485129,40952501,27.7,27.7,27.5,27.55,-0.05,782
2019-09-06,3706,1364908,37653734,27.7,27.7,27.5,27.55,0.0,598
2019-09-09,3706,1500191,41026221,27.55,27.55,27.25,27.3,-0.25,832
2019-09-10,3706,3086821,82309091,27.0,27.0,26.45,26.6,-0.7,1677
2019-09-11,3706,2131428,56382218,26.6,26.65,26.35,26.5,-0.1,1159
2019-09-12,3706,2680290,70959527,26.6,26.7,26.35,26.5,0.0,1230
2019-09-16,3706,3449894,90218081,26.5,26.5,25.95,26.3,-0.2,1691
2019-09-17,3706,1749460,45819476,26.3,26.3,26.05,26.3,0.0,874
2019-09-18,3706,2873521,75155488,26.4,26.4,26.0,26.25,-0.05,1494
2019-09-19,3706,1315489,34539987,26.25,26.35,26.2,26.25,0.0,601
2019-09-20,3706,1844841,48377207,26.35,26.35,26.15,26.15,-0.1,866
2019-09-23,3706,1542075,40615276,26.15,26.45,26.05,26.4,0.25,719
2019-09-24,3706,2536697,67012533,26.45,26.6,26.25,26.45,0.05,1296
2019-09-25,3706,5303334,138004828,26.15,26.2,25.85,26.0,-0.45,2356
2019-09-26,3706,6499085,171329789,26.45,26.6,26.15,26.25,0.25,3325
2019-09-27,3706,3730130,97502067,26.35,26.5,25.9,26.15,-0.1,2422
2019-10-01,3706,2807501,73094577,26.3,26.3,25.9,26.1,-0.05,1648
2019-10-02,3706,1794902,46601911,26.1,26.1,25.9,26.0,-0.1,1051
2019-10-03,3706,3086642,79345044,25.9,25.95,25.55,25.95,-0.05,1802
2019-10-04,3706,1204950,31220905,26.0,26.05,25.75,26.0,0.05,800
2019-10-07,3706,1038448,26964023,26.0,26.05,25.85,26.0,0.0,623
2019-10-08,3706,2104473,55082228,26.05,26.3,26.05,26.1,0.1,1249
2019-10-09,3706,3020173,78184148,26.15,26.2,25.7,25.7,-0.4,1270
2019-10-14,3706,1481562,38329062,26.0,26.1,25.8,25.9,0.2,1048
2019-10-15,3706,1742656,44991468,25.9,25.95,25.7,25.9,0.0,923
2019-10-16,3706,4343284,111294424,25.95,25.95,25.4,25.7,-0.2,2483
2019-10-17,3706,2933454,74734992,25.65,25.75,25.4,25.5,-0.2,1706
2019-10-18,3706,2702485,68817362,25.5,25.55,25.4,25.45,-0.05,1590
2019-10-21,3706,1995252,51291070,25.5,25.8,25.5,25.75,0.3,1171
2019-10-22,3706,2001053,51660634,25.8,25.95,25.7,25.75,0.0,1192
2019-10-23,3706,1749916,45222549,25.85,25.95,25.7,25.75,0.0,932
2019-10-24,3706,1639787,42535012,25.9,26.0,25.85,26.0,0.25,978
2019-10-25,3706,18365503,494245597,26.05,27.2,26.05,27.1,1.1,7331
2019-10-28,3706,5559772,150272661,27.2,27.35,26.85,26.9,-0.2,2460
2019-10-29,3706,6232540,165546986,26.8,26.8,26.35,26.6,-0.3,2680
2019-10-30,3706,2600581,69590886,26.6,26.95,26.4,26.8,0.2,1198
2019-10-31,3706,2575388,68853470,26.9,26.9,26.55,26.8,0.0,1055
2019-11-01,3706,1015945,27133703,26.7,26.8,26.6,26.75,-0.05,593
2019-11-04,3706,2354009,63006159,26.9,26.9,26.6,26.75,0.0,975
2019-11-05,3706,3265460,88112589,26.9,27.1,26.75,26.95,0.2,1445
2019-11-06,3706,1742847,46985249,26.95,27.05,26.85,26.9,-0.05,885
2019-11-07,3706,2542933,68604019,26.95,27.15,26.9,26.9,0.0,1002
2019-11-08,3706,9484559,260418147,27.05,27.8,27.05,27.5,0.6,3148
2019-11-11,3706,9389971,261521127,28.0,28.15,27.7,27.75,0.25,3644
2019-11-12,3706,16650764,470047945,28.1,28.5,27.9,28.5,0.75,5942
2019-11-13,3706,16716637,481839749,28.65,29.0,28.65,28.9,0.4,7361
2019-11-14,3706,17912142,512452967,29.05,29.2,28.0,28.7,-0.2,6553
2019-11-15,3706,7986574,229297474,28.9,29.0,28.55,28.6,-0.1,3667
2019-11-18,3706,12821191,373876679,28.8,29.45,28.7,29.3,0.7,4710
2019-11-19,3706,9974633,294888261,29.35,29.95,29.3,29.3,0.0,4431
2019-11-20,3706,7573322,218503326,29.15,29.15,28.7,28.9,-0.4,2945
2019-11-21,3706,4248491,122141095,28.7,28.95,28.55,28.75,-0.15,2084
2019-11-22,3706,3490183,100350369,28.7,28.95,28.65,28.7,-0.05,1430
2019-11-25,3706,5122633,145984176,28.85,28.9,28.3,28.5,-0.2,2315
2019-11-26,3706,4022269,114133197,28.55,28.65,28.2,28.5,0.0,1795
2019-11-27,3706,2162314,61424599,28.35,28.5,28.35,28.45,-0.05,1054
2019-11-28,3706,2430446,69099402,28.5,28.55,28.35,28.4,-0.05,967
2019-11-29,3706,3627100,102583256,28.5,28.5,28.2,28.35,-0.05,1597
2019-12-02,3706,4988570,139516210,28.35,28.35,27.75,28.0,-0.35,1889
2019-12-03,3706,2128266,59329798,27.85,28.0,27.7,28.0,0.0,1115
2019-12-04,3706,2183363,60708259,27.9,27.9,27.7,27.9,-0.1,1200
2019-12-05,3706,2896382,80934546,27.9,28.05,27.8,28.0,0.1,1486
2019-12-06,3706,3720294,105577968,28.1,28.5,28.05,28.45,0.45,1622
2019-12-09,3706,2448681,69361395,28.55,28.55,28.2,28.35,-0.1,1093
2019-12-10,3706,13850300,400421401,28.95,29.3,28.7,28.8,0.45,5108
2019-12-11,3706,3953368,113546743,28.85,28.9,28.55,28.7,-0.1,1763
2019-12-12,3706,3177113,90950060,28.8,28.8,28.5,28.7,0.0,1453
2019-12-13,3706,6492450,185571468,28.9,28.9,28.4,28.65,-0.05,2744
2019-12-16,3706,3808111,109374754,28.8,28.85,28.6,28.75,0.1,1405
2019-12-17,3706,3502849,100658044,28.85,28.85,28.65,28.8,0.05,2063
2019-12-18,3706,7930970,230802599,28.9,29.3,28.85,29.2,0.4,3485
2019-12-19,3706,4583496,133921754,29.35,29.4,29.0,29.2,0.0,2120
2019-12-20,3706,7487449,218379971,29.25,29.35,29.0,29.0,-0.2,2194
2019-12-23,3706,3283415,95535776,29.2,29.3,29.0,29.1,0.1,1044
2019-12-24,3706,3215778,93033866,29.1,29.15,28.8,29.0,-0.1,1224
2019-12-25,3706,2108307,60991543,29.0,29.05,28.85,29.0,0.0,878
2019-12-26,3706,1840453,53334926,29.0,29.05,28.9,29.0,0.0,709
2019-12-27,3706,2272682,65849737,29.0,29.05,28.9,29.0,0.0,913
2019-12-30,3706,2372094,68964776,29.0,29.15,28.95,29.1,0.1,953
2019-12-31,3706,2094077,60731683,29.1,29.1,28.95,29.0,-0.1,984
2020-01-02,3706,3418468,99199161,29.0,29.1,28.85,28.95,-0.05,1429
2020-01-03,3706,3163025,91387941,29.0,29.1,28.75,28.95,0.0,1400
2020-01-06,3706,4222505,120717671,28.85,28.85,28.45,28.6,-0.35,1963
2020-01-07,3706,3376671,96417932,28.75,28.75,28.45,28.55,-0.05,1262
2020-01-08,3706,3351849,94558073,28.4,28.4,28.1,28.15,-0.4,1494
2020-01-09,3706,1776089,50448802,28.2,28.6,28.2,28.3,0.15,799
2020-01-10,3706,6155590,177947544,28.55,29.15,28.55,29.0,0.7,2336
2020-01-13,3706,4807825,140248289,29.1,29.25,29.0,29.2,0.2,1763
2020-01-14,3706,8140957,241201637,29.35,29.8,29.35,29.7,0.5,3161
2020-01-15,3706,6775036,202404786,29.8,30.0,29.75,29.85,0.15,2706
2020-01-16,3706,4983174,149130698,29.9,30.0,29.8,29.95,0.1,2130
2020-01-17,3706,8673324,263907475,30.0,30.8,30.0,30.4,0.45,3727
2020-01-20,3706,5049201,153838107,30.5,30.7,30.3,30.35,-0.05,2199
2020-01-30,3706,10908194,314386098,28.5,29.45,28.5,28.95,-1.4,4456
2020-01-31,3706,5406449,157023521,29.1,29.4,28.7,29.0,0.05,2155
2020-02-03,3706,6723876,188587104,28.3,28.4,27.65,28.4,-0.6,2912
2020-02-04,3706,3115122,88911517,28.5,28.8,28.2,28.5,0.1,1489
2020-02-05,3706,3371994,96255016,28.8,28.8,28.35,28.5,0.0,1428
2020-02-06,3706,2622189,75327009,28.7,28.85,28.6,28.8,0.3,1193
2020-02-07,3706,2706853,77560119,28.8,28.8,28.5,28.6,-0.2,1352
2020-02-10,3706,2930881,83644008,28.4,28.8,28.15,28.65,0.05,1509
2020-02-11,3706,2221046,63742204,28.85,28.85,28.55,28.7,0.05,1128
2020-02-12,3706,9570852,281034164,28.8,29.6,28.8,29.45,0.75,3586
2020-02-13,3706,6253029,184299323,29.5,29.7,29.25,29.35,-0.1,2440
2020-02-14,3706,9907087,295337294,29.5,30.1,29.4,29.7,0.35,3868
2020-02-17,3706,21393276,649585062,29.7,30.7,29.7,30.5,0.8,7688
2020-02-18,3706,47509637,1506581341,30.55,32.15,30.55,31.6,1.1,17653
2020-02-19,3706,45543511,1493877292,31.9,33.65,31.85,33.5,1.9,18578
2020-02-20,3706,56865454,1957674378,34.3,35.05,33.75,34.4,0.9,22554
2020-02-21,3706,23568674,811507466,34.35,34.9,33.9,34.2,-0.2,9874
2020-02-24,3706,36841946,1285560116,34.0,35.2,33.8,35.1,0.9,14424
2020-02-25,3706,20319038,706302263,34.85,35.3,34.35,34.55,-0.55,8586
2020-02-26,3706,15276798,530095590,34.4,35.2,34.15,34.75,0.2,6180
2020-02-27,3706,29842179,1036617336,35.2,36.0,33.7,34.05,-0.7,13181
2020-03-02,3706,22580934,762191503,33.1,34.6,32.0,34.25,0.2,9337
2020-03-03,3706,24388240,850272394,35.55,35.8,34.4,34.5,0.25,10129
2020-03-04,3706,16072256,544310906,34.1,34.4,33.6,33.7,-0.8,7012
2020-03-05,3706,12262735,419116470,34.2,34.5,33.85,34.25,0.55,4969
2020-03-06,3706,7434906,252173154,34.0,34.15,33.6,34.1,-0.15,3357
2020-03-09,3706,15767747,522491176,33.5,33.75,32.55,32.7,-1.4,6813
2020-03-10,3706,19495131,644186397,32.5,33.9,32.35,33.35,0.65,8171
2020-03-11,3706,23853342,769026585,33.3,33.3,31.4,31.6,-1.75,11426
2020-03-12,3706,24150464,726912920,31.0,31.0,29.6,30.05,-1.55,9740
2020-03-13,3706,27786927,782585297,28.0,29.25,27.5,28.95,-1.1,10719
2020-03-16,3706,15808519,450731918,28.7,29.2,27.75,27.75,-1.2,7910
2020-03-17,3706,18202579,494320033,26.65,28.35,26.5,26.8,-0.95,8131
2020-03-18,3706,15905926,424343079,27.0,27.35,25.9,26.0,-0.8,7138
2020-03-19,3706,26783350,636672594,25.1,25.1,23.4,23.4,-2.6,11615
2020-03-20,3706,13908881,347345269,24.3,25.5,24.0,25.1,1.7,5949
2020-03-23,3706,6598818,158471468,23.25,24.55,23.25,24.1,-1.0,3567
2020-03-24,3706,10852269,279350297,25.3,26.2,25.2,25.8,1.7,5437
2020-03-25,3706,15570520,419222377,27.0,27.4,26.25,26.45,0.65,6605
2020-03-26,3706,8538147,226176719,26.6,27.05,25.95,26.85,0.4,3930
2020-03-27,3706,11809930,321206930,27.75,27.75,26.8,26.85,0.0,5216
2020-03-30,3706,5256759,139599493,26.1,27.0,25.85,26.95,0.1,2668
2020-03-31,3706,7511204,204334634,27.5,27.6,26.95,27.15,0.2,3487
2020-04-01,3706,6056141,164683327,27.1,27.5,26.85,27.25,0.1,2856
2020-04-06,3706,6726781,183114916,27.35,27.55,27.0,27.3,0.05,3274
2020-04-07,3706,9301901,257225643,27.8,27.85,27.5,27.55,0.25,4247
2020-04-08,3706,21442837,616236364,27.55,29.4,27.45,29.1,1.55,9160
2020-04-09,3706,15858942,463412095,29.4,29.65,28.8,29.05,-0.05,6877
2020-04-10,3706,8622994,250989408,29.1,29.3,28.9,29.15,0.1,3521
2020-04-13,3706,7740969,227667405,29.2,29.65,29.05,29.35,0.2,3700
2020-04-14,3706,16498997,503132063,29.7,30.8,29.65,30.8,1.45,7878
2020-04-15,3706,15759489,489066682,31.0,31.4,30.6,31.2,0.4,6793
2020-04-16,3706,11381962,356832079,30.8,31.85,30.55,31.4,0.2,6378
2020-04-17,3706,18849965,590294887,31.9,32.2,30.5,30.85,-0.55,8155
2020-04-20,3706,12140824,369803971,30.8,30.8,30.25,30.35,-0.5,5524
2020-04-21,3706,15569761,463103937,30.0,30.35,29.25,29.4,-0.95,7348
2020-04-22,3706,8737951,255041890,29.0,29.6,28.6,29.5,0.1,4670
2020-04-23,3706,5832554,173278508,29.75,30.0,29.4,29.6,0.1,2885
2020-04-24,3706,4973354,146173934,29.5,29.65,29.15,29.4,-0.2,2616
2020-04-27,3706,7197142,216302776,29.65,30.3,29.65,30.25,0.85,3487
2020-04-28,3706,5517150,167467885,30.45,30.6,30.1,30.35,0.1,2681
2020-04-29,3706,6751630,205736396,30.45,30.65,30.3,30.5,0.15,2970
2020-04-30,3706,8924607,274085996,30.75,31.0,30.6,30.6,0.1,3999
2020-05-04,3706,6175006,185747814,30.0,30.2,29.8,30.15,-0.45,3096
2020-05-05,3706,4802436,145246113,30.25,30.4,30.05,30.25,0.1,2525
2020-05-06,3706,8998209,275978514,30.5,30.95,30.4,30.5,0.25,4160
2020-05-07,3706,6672765,204894129,30.6,30.95,30.5,30.8,0.3,2942
2020-05-08,3706,8793294,270260708,31.0,31.15,30.45,30.5,-0.3,3927
2020-05-11,3706,7734892,237978543,30.8,30.9,30.5,30.8,0.3,3295
2020-05-12,3706,13356722,414889044,30.95,31.35,30.8,31.35,0.55,5804
2020-05-13,3706,11338524,350478535,31.25,31.25,30.65,31.0,-0.35,5517
2020-05-14,3706,14029621,425370741,30.85,30.85,30.05,30.1,-0.9,7008
2020-05-15,3706,12244185,364361210,30.3,30.45,29.35,29.75,-0.35,6464
2020-05-18,3706,5119680,152268979,29.75,29.95,29.45,29.75,0.0,2897
2020-05-19,3706,4981549,150075796,30.2,30.3,30.0,30.1,0.35,2076
2020-05-20,3706,8468556,259005861,30.3,30.9,30.15,30.7,0.6,4513
2020-05-21,3706,55921641,1836225093,31.4,33.65,31.4,33.3,2.6,25125
2020-05-22,3706,26496061,869273186,33.45,33.45,32.35,32.4,-0.9,13278
2020-05-25,3706,14330240,462308282,32.6,33.0,31.8,32.35,-0.05,7231
2020-05-26,3706,12203083,394995889,32.6,32.9,32.05,32.1,-0.25,6040
2020-05-27,3706,9080995,292229119,32.55,32.6,32.0,32.05,-0.05,4385
2020-05-28,3706,8851643,284877480,32.35,32.4,32.0,32.05,0.0,4837
2020-05-29,3706,14242048,463450380,32.15,32.9,32.15,32.3,0.25,5564
2020-06-01,3706,7625097,246425059,32.45,32.55,32.15,32.35,0.05,3220
2020-06-02,3706,10602889,339800598,32.4,32.45,31.9,31.95,-0.4,5461
2020-06-03,3706,8024561,257115938,32.1,32.25,31.95,31.95,0.0,3815
2020-06-04,3706,5883146,188898372,32.15,32.4,31.95,32.2,0.25,2616
2020-06-05,3706,8425962,273147452,32.2,32.7,32.1,32.55,0.35,3964
2020-06-08,3706,13343553,430106758,32.7,32.75,32.05,32.1,-0.45,5970
2020-06-09,3706,7825976,252877235,32.2,32.55,32.05,32.35,0.25,3518
2020-06-10,3706,25133555,825097057,33.0,33.3,32.6,32.8,0.45,11331
2020-06-11,3706,13848868,447539339,32.75,32.75,32.0,32.05,-0.75,5844
2020-06-12,3706,11698202,365328787,31.05,31.6,30.75,31.5,-0.55,6062
2020-06-15,3706,8751513,274055854,31.55,31.65,31.05,31.05,-0.45,4716
2020-06-16,3706,7849636,246501424,31.3,31.65,31.2,31.55,0.5,3187
2020-06-17,3706,6411466,201111285,31.6,31.65,31.25,31.3,-0.25,3413
2020-06-18,3706,5632617,176776023,31.35,31.6,31.3,31.45,0.15,2697
2020-06-19,3706,14669145,461148444,31.6,31.6,31.35,31.45,0.0,2836
2020-06-22,3706,5846804,185090926,31.5,31.9,31.4,31.6,0.15,2585
2020-06-23,3706,4991423,157228825,31.85,31.85,31.4,31.45,-0.15,2466
2020-06-24,3706,9895056,316600972,31.75,32.25,31.65,32.15,0.7,4557
2020-06-29,3706,9768290,314791572,32.05,32.55,31.9,32.25,0.1,4008
2020-06-30,3706,11323547,367894161,32.4,32.75,32.25,32.4,0.15,4031
2020-07-01,3706,9992096,324672391,32.4,32.65,32.4,32.4,0.0,3509
2020-07-02,3706,13554523,441967417,32.6,32.8,32.1,32.75,0.35,5071
2020-07-03,3706,15904524,525600764,33.0,33.3,32.75,33.3,0.55,6034
2020-07-06,3706,15549271,527341541,33.65,34.15,33.65,33.95,0.65,6889
2020-07-07,3706,16265714,545199357,34.3,34.3,33.15,33.35,-0.6,6768
2020-07-08,3706,9078448,303802686,33.5,33.6,33.3,33.55,0.2,4121
2020-07-09,3706,11915982,402098894,33.8,33.85,33.3,33.55,0.0,4247
2020-07-10,3706,20980731,712206983,34.1,34.2,33.6,33.9,0.35,8523
2020-07-13,3706,24489309,835190199,34.25,34.5,33.85,34.2,0.3,8455
2020-07-14,3706,24005620,722210392,29.65,30.45,29.65,30.35,0.0,10448
2020-07-15,3706,14058405,422637409,30.55,30.65,29.8,29.85,-0.5,6987
2020-07-16,3706,4927070,148133844,30.0,30.25,29.9,30.15,0.3,2227
2020-07-17,3706,10916648,325119840,30.25,30.25,29.55,29.55,-0.6,5480
2020-07-20,3706,4234271,124989057,29.8,29.8,29.2,29.65,0.1,1951
2020-07-21,3706,4978168,148898390,29.9,30.0,29.85,29.85,0.2,2329
2020-07-22,3706,6908655,205429657,30.0,30.0,29.65,29.75,-0.1,3476
2020-07-23,3706,4862757,144163378,29.8,29.8,29.55,29.6,-0.15,2232
2020-07-24,3706,12632455,368552312,29.5,29.5,29.0,29.0,-0.6,6336
2020-07-27,3706,9050567,259412845,29.0,29.1,28.5,28.55,-0.45,4371
2020-07-28,3706,6330539,180830854,28.8,29.0,28.25,28.25,-0.3,3165
2020-07-29,3706,4445370,128282682,28.25,29.15,28.25,29.0,0.75,2058
2020-07-30,3706,3069426,89358958,29.2,29.25,28.85,29.15,0.15,1488
2020-07-31,3706,3765104,110623113,29.2,29.6,29.05,29.55,0.4,1790
2020-08-03,3706,3590516,105049029,29.55,29.6,29.1,29.2,-0.35,1759
2020-08-04,3706,2480858,72529061,29.3,29.35,29.15,29.3,0.1,1254
2020-08-05,3706,2875497,84265996,29.4,29.4,29.2,29.35,0.05,1438
2020-08-06,3706,3039629,89481595,29.5,29.65,29.3,29.4,0.05,1340
2020-08-07,3706,2840119,83177936,29.45,29.5,29.2,29.25,-0.15,1366
2020-08-10,3706,2254885,66086749,29.25,29.4,29.2,29.35,0.1,1122
2020-08-11,3706,3037296,89535470,29.4,29.65,29.35,29.4,0.05,1508
2020-08-12,3706,11544785,332323592,29.0,29.05,28.65,28.75,-0.65,6869
2020-08-13,3706,13219403,375447364,28.9,28.95,28.2,28.25,-0.5,7641
2020-08-14,3706,4003316,113708380,28.3,28.6,28.1,28.45,0.2,2174
2020-08-17,3706,4100700,118275286,28.55,29.0,28.55,28.85,0.4,2387
2020-08-18,3706,3313742,95428808,29.0,29.05,28.7,28.75,-0.1,1952
2020-08-19,3706,6046516,172783897,28.8,28.85,28.35,28.45,-0.3,3319
2020-08-20,3706,10904390,303589765,28.35,28.4,27.25,27.75,-0.7,5622
2020-08-21,3706,3957775,110796855,27.75,28.2,27.75,27.95,0.2,2134
2020-08-24,3706,3129879,87630851,28.0,28.1,27.85,28.1,0.15,1563
2020-08-25,3706,2796285,79090380,28.1,28.45,28.1,28.35,0.25,1582
2020-08-26,3706,8912378,257995312,28.65,29.2,28.65,28.95,0.6,4255
2020-08-27,3706,4017853,116158795,29.05,29.1,28.75,28.85,-0.1,2010
2020-08-28,3706,3457777,99997453,28.85,29.15,28.65,29.15,0.3,1825
2020-08-31,3706,3347171,97188848,29.3,29.35,28.9,28.9,-0.25,1688
2020-09-01,3706,2418172,69700749,28.9,28.9,28.7,28.85,-0.05,1244
2020-09-02,3706,2710622,78321487,28.9,29.05,28.8,28.85,0.0,1375
2020-09-03,3706,3780917,109266594,29.0,29.1,28.7,28.7,-0.15,1805
2020-09-04,3706,3920987,111240187,28.35,28.55,28.15,28.5,-0.2,1910
2020-09-07,3706,3698440,105496708,28.65,28.7,28.4,28.45,-0.05,1691
2020-09-08,3706,2090719,59821463,28.5,28.7,28.5,28.6,0.15,1171
2020-09-09,3706,2316089,65813105,28.35,28.55,28.25,28.55,-0.05,1157
2020-09-10,3706,9205716,267370095,28.9,29.2,28.85,29.1,0.55,3926
2020-09-11,3706,4942094,143868273,29.2,29.25,29.0,29.0,-0.1,2289
2020-09-14,3706,2333554,67844516,29.2,29.2,29.0,29.0,0.0,1173
2020-09-15,3706,3712259,107565782,29.1,29.15,28.85,28.85,-0.15,1833
2020-09-16,3706,2474400,71480793,29.0,29.0,28.8,28.85,0.0,1228
2020-09-17,3706,1893067,54673388,29.0,29.0,28.8,28.85,0.0,996
2020-09-18,3706,2243301,64941468,28.95,29.05,28.85,28.95,0.1,1107
2020-09-21,3706,2481236,71881599,29.0,29.05,28.85,28.9,-0.05,1287
2020-09-22,3706,3317872,94688902,28.8,28.8,28.4,28.45,-0.45,1877
2020-09-23,3706,4331298,122262495,28.5,28.6,28.1,28.15,-0.3,2158
2020-09-24,3706,5530476,153667918,28.0,28.1,27.65,27.65,-0.5,3036
2020-09-25,3706,3895914,107666677,27.8,27.95,27.4,27.6,-0.05,2127
2020-09-28,3706,1972025,55186154,27.75,28.15,27.65,28.05,0.45,1162
2020-09-29,3706,2192868,61770160,28.2,28.35,28.05,28.1,0.05,1001
2020-09-30,3706,3198285,91116312,28.2,28.6,28.2,28.6,0.5,1312
2020-10-05,3706,2294594,65589527,28.6,28.9,28.4,28.4,-0.2,1406
2020-10-06,3706,1820177,51905060,28.6,28.7,28.4,28.5,0.1,1083
2020-10-07,3706,3341959,95872929,28.65,28.75,28.5,28.7,0.2,1794
2020-10-08,3706,3304234,94435700,28.7,28.85,28.4,28.55,-0.15,1765
2020-10-12,3706,4129485,118013256,28.85,28.85,28.35,28.4,-0.15,2088
2020-10-13,3706,4284445,121065108,28.25,28.35,28.05,28.25,-0.15,1921
2020-10-14,3706,3043259,86701986,28.35,28.6,28.3,28.55,0.3,1577
2020-10-15,3706,2096626,59846064,28.6,28.65,28.4,28.6,0.05,1241
2020-10-16,3706,2700092,77173097,28.7,28.7,28.45,28.6,0.0,1285
2020-10-19,3706,2273911,65245994,28.7,28.75,28.6,28.7,0.1,1155
2020-10-20,3706,3532365,101807699,28.7,28.95,28.65,28.9,0.2,1677
2020-10-21,3706,7100700,206979579,29.0,29.4,28.9,28.95,0.05,3242
2020-10-22,3706,2052024,59317255,28.95,29.0,28.8,28.95,0.0,1152
2020-10-23,3706,2355533,68349007,29.0,29.15,28.95,28.95,0.0,1308
2020-10-26,3706,1750664,50574270,29.0,29.0,28.8,28.85,-0.1,1107
2020-10-27,3706,2365142,67844370,28.7,28.8,28.65,28.65,-0.2,1200
2020-10-28,3706,2083073,59775406,28.65,28.9,28.55,28.6,-0.05,1131
2020-10-29,3706,2138403,60685560,28.35,28.55,28.15,28.45,-0.15,1254
2020-10-30,3706,2078500,58895085,28.5,28.55,28.2,28.2,-0.25,1288
2020-11-02,3706,2127329,60001347,28.25,28.35,28.1,28.3,0.1,1063
2020-11-03,3706,2002444,57382380,28.35,28.75,28.35,28.7,0.4,1031
2020-11-04,3706,1391319,39995363,28.9,28.9,28.6,28.75,0.05,862
2020-11-05,3706,1905757,54869252,28.85,28.9,28.7,28.8,0.05,948
2020-11-06,3706,3655697,105961842,28.85,29.2,28.8,28.85,0.05,1831
2020-11-09,3706,2929219,84898255,29.05,29.15,28.85,28.9,0.05,1394
2020-11-10,3706,3651363,105854616,28.9,29.15,28.8,29.0,0.1,1661
2020-11-11,3706,5770796,168625310,29.0,29.35,29.0,29.35,0.35,2897
2020-11-12,3706,3151859,92045548,29.45,29.45,29.1,29.1,-0.25,1681
2020-11-13,3706,4168444,121970853,29.1,29.45,29.0,29.35,0.25,1849
2020-11-16,3706,7325870,213544790,29.2,29.3,29.05,29.1,-0.25,3191
2020-11-17,3706,4004814,116370411,29.2,29.2,29.0,29.0,-0.1,1936
2020-11-18,3706,2619241,76281599,29.05,29.2,29.0,29.2,0.2,1424
2020-11-19,3706,2907552,84985674,29.2,29.3,29.15,29.2,0.0,1546
2020-11-20,3706,2265872,66067323,29.15,29.25,29.1,29.1,-0.1,1157
2020-11-23,3706,9080197,266823927,29.15,29.65,29.15,29.6,0.5,3655
2020-11-24,3706,7423847,221094556,29.9,30.05,29.55,29.6,0.0,3988
2020-11-25,3706,4677655,138637646,29.75,29.8,29.4,29.65,0.05,2212
2020-11-26,3706,3291746,97519833,29.7,29.8,29.55,29.65,0.0,1803
2020-11-27,3706,3669290,109144108,29.7,29.9,29.6,29.75,0.1,1816
2020-11-30,3706,5345304,159100359,29.8,29.95,29.5,29.5,-0.25,2618
2020-12-01,3706,4633982,136932496,29.65,29.8,29.3,29.65,0.15,1973
2020-12-02,3706,4956302,146363514,29.65,29.7,29.4,29.6,-0.05,2043
2020-12-03,3706,5943245,177013149,29.6,30.0,29.45,29.65,0.05,2636
2020-12-04,3706,5909701,176350214,29.75,29.95,29.75,29.9,0.25,2473
2020-12-07,3706,23790194,727373247,29.95,31.25,29.9,31.25,1.35,10649
2020-12-08,3706,47190080,1516338749,31.8,32.95,31.55,31.75,0.5,20015
2020-12-09,3706,15398989,480216986,31.55,31.55,31.0,31.15,-0.6,7479
2020-12-10,3706,18256007,549504898,30.0,30.45,29.8,30.05,-1.1,8510
2020-12-11,3706,9872423,294623716,30.1,30.3,29.45,29.7,-0.35,4025
2020-12-14,3706,4425873,132241486,29.8,30.1,29.65,29.8,0.1,2172
2020-12-15,3706,7896894,232579079,29.8,29.9,29.25,29.25,-0.55,3450
2020-12-16,3706,5388872,158177805,29.4,29.55,29.25,29.4,0.15,2565
2020-12-17,3706,4897406,142978728,29.4,29.4,29.1,29.2,-0.2,2384
2020-12-18,3706,5563489,164261411,29.4,29.9,29.25,29.4,0.2,2563
2020-12-21,3706,6174894,179820468,29.35,29.4,29.0,29.2,-0.2,3379
2020-12-22,3706,4630512,135020349,29.1,29.35,29.0,29.0,-0.2,2194
2020-12-23,3706,2844945,82834251,29.05,29.25,29.0,29.15,0.15,1600
2020-12-24,3706,2730063,79680784,29.25,29.25,29.1,29.2,0.05,1489
2020-12-25,3706,3349176,98365906,29.4,29.5,29.25,29.3,0.1,1646
2020-12-28,3706,3533029,103861034,29.5,29.5,29.3,29.4,0.1,1795
2020-12-29,3706,5477527,160329845,29.4,29.5,29.15,29.3,-0.1,2431
2020-12-30,3706,6455117,190563285,29.3,29.75,29.15,29.65,0.35,2615
2020-12-31,3706,5297304,157079565,29.75,29.9,29.5,29.5,-0.15,1936
2021-01-04,3706,4026844,118777696,29.55,29.65,29.4,29.5,0.0,1989
2021-01-05,3706,4043552,119295736,29.5,29.6,29.4,29.6,0.1,1913
2021-01-06,3706,7248900,214568356,29.75,29.95,29.3,29.4,-0.2,3287
2021-01-07,3706,3979302,117185125,29.5,29.6,29.35,29.4,0.0,1821
2021-01-08,3706,5793985,169960816,29.45,29.45,29.2,29.4,0.0,2553
2021-01-11,3706,10430233,312894757,29.6,30.35,29.6,30.15,0.75,5021
2021-01-12,3706,6731078,201135546,30.2,30.3,29.65,29.8,-0.35,3293
2021-01-13,3706,4914109,146686230,29.95,30.0,29.75,29.85,0.05,2357
2021-01-14,3706,7953503,238765604,29.95,30.2,29.85,30.05,0.2,3250
2021-01-15,3706,10280554,309144573,30.35,30.4,29.75,29.85,-0.2,4173
2021-01-18,3706,4243452,125927756,30.0,30.05,29.2,29.9,0.05,2175
2021-01-19,3706,4421182,132315698,29.9,30.15,29.75,29.8,-0.1,2029
2021-01-20,3706,6774182,198973304,29.75,29.75,29.15,29.15,-0.65,3612
2021-01-21,3706,4423963,129380940,29.2,29.45,29.1,29.2,0.05,2263
2021-01-22,3706,3067832,89530852,29.2,29.3,29.1,29.3,0.1,1761
2021-01-25,3706,3614143,106289623,29.3,29.55,29.25,29.5,0.2,1861
2021-01-26,3706,2758969,81212899,29.55,29.7,29.25,29.35,-0.15,1533
2021-01-27,3706,4180351,120409720,29.45,29.6,29.35,29.45,0.1,1492
2021-01-28,3706,3427048,100322695,29.3,29.4,29.15,29.3,-0.15,1792
2021-01-29,3706,4479120,130565583,29.35,29.4,29.0,29.1,-0.2,2338
2021-02-01,3706,4373435,126245252,29.0,29.0,28.65,29.0,-0.1,2315
2021-02-02,3706,2606604,76284159,29.2,29.4,29.15,29.25,0.25,1300
2021-02-03,3706,2541457,74405553,29.45,29.45,29.1,29.3,0.05,1024
2021-02-04,3706,1805542,52772012,29.2,29.45,29.1,29.15,-0.15,1114
2021-02-05,3706,2669813,78223473,29.3,29.45,29.2,29.25,0.1,1339
2021-02-17,3706,6122920,179981598,29.55,29.6,29.3,29.4,0.15,2835
2021-02-18,3706,3931054,116154991,29.45,29.65,29.45,29.65,0.25,2040
2021-02-19,3706,4191538,124563758,29.7,29.9,29.55,29.9,0.25,2375
2021-02-22,3706,8865396,266991721,30.05,30.25,29.95,30.25,0.35,3520
2021-02-23,3706,22131035,684331243,30.8,31.1,30.65,31.0,0.75,9904
2021-02-24,3706,10047819,308426451,31.1,31.15,30.4,30.5,-0.5,5125
2021-02-25,3706,4837408,148239826,30.95,30.95,30.5,30.65,0.15,2408
2021-02-26,3706,8833935,269335531,30.4,30.95,30.25,30.95,0.3,3724
2021-03-02,3706,8450112,261429139,31.25,31.45,30.55,30.6,-0.35,4235
2021-03-03,3706,3375698,103224618,30.6,30.8,30.4,30.6,0.0,1867
2021-03-04,3706,4329615,131512751,30.55,30.65,30.25,30.4,-0.2,2562
2021-03-05,3706,3984296,120361088,30.15,30.35,30.05,30.3,-0.1,2246
2021-03-08,3706,4103233,124783453,30.55,30.6,30.25,30.3,0.0,2040
2021-03-09,3706,29361132,832280697,28.3,28.7,27.8,28.45,-1.85,13304
2021-03-10,3706,13353242,383397326,28.65,28.9,28.5,28.8,0.35,5941
2021-03-11,3706,12509327,360757964,29.0,29.1,28.7,28.8,0.0,5437
2021-03-12,3706,9218709,264720358,28.85,28.95,28.55,28.95,0.15,4044
2021-03-15,3706,7031502,203906786,28.95,29.1,28.85,29.1,0.15,3358
2021-03-16,3706,6157181,179366069,29.1,29.2,29.05,29.15,0.05,2625
2021-03-17,3706,5404381,157093452,29.15,29.2,29.0,29.1,-0.05,2696
2021-03-18,3706,5791830,168379700,29.15,29.2,29.0,29.05,-0.05,2869
2021-03-19,3706,5743593,166398598,29.0,29.1,28.9,29.1,0.05,2670
2021-03-22,3706,7103604,205503051,29.1,29.1,28.8,28.95,-0.15,3320
2021-03-23,3706,8770167,256019928,29.15,29.35,29.05,29.25,0.3,3795
2021-03-24,3706,8272489,242567302,29.35,29.45,29.25,29.3,0.05,3385
2021-03-25,3706,8126163,232731650,28.5,28.8,28.4,28.65,0.0,3959
2021-03-26,3706,6571967,188007549,28.65,28.75,28.5,28.6,-0.05,2545
2021-03-29,3706,5373195,154016897,28.7,28.75,28.6,28.65,0.05,2414
2021-03-30,3706,6078618,173911367,28.7,28.75,28.55,28.7,0.05,2357
2021-03-31,3706,5693126,163530077,28.7,28.85,28.6,28.85,0.15,2269
2021-04-01,3706,6665546,193833620,29.0,29.15,29.0,29.15,0.3,2807
2021-04-06,3706,6087294,177365574,29.25,29.25,29.05,29.05,-0.1,2463
2021-04-07,3706,4721947,136992293,29.05,29.15,28.9,29.15,0.1,2221
2021-04-08,3706,5093243,148596430,29.15,29.25,29.05,29.2,0.05,2380
2021-04-09,3706,6427474,188355841,29.25,29.45,29.2,29.45,0.25,2866
2021-04-12,3706,7246255,213082323,29.5,29.7,29.25,29.3,-0.15,3399
2021-04-13,3706,8558106,249195358,29.35,29.35,28.9,28.9,-0.4,3398
2021-04-14,3706,7814046,224125013,28.95,29.05,28.4,28.65,-0.25,3281
2021-04-15,3706,3521347,101377554,28.65,28.9,28.6,28.85,0.2,1646
2021-04-16,3706,4652541,135225858,28.9,29.2,28.85,29.15,0.3,2178
2021-04-19,3706,7273444,213211114,29.15,29.4,29.15,29.35,0.2,3359
2021-04-20,3706,11758617,348826265,29.35,29.85,29.3,29.8,0.45,4761
2021-04-21,3706,11466723,343683669,29.85,30.2,29.75,30.15,0.35,4932
2021-04-22,3706,12012579,358292308,30.3,30.4,29.25,29.35,-0.8,5551
2021-04-23,3706,4630787,135928082,29.35,29.6,29.2,29.35,0.0,2247
2021-04-26,3706,5935503,174498352,29.5,29.55,29.3,29.4,0.05,2308
2021-04-27,3706,4364273,128667090,29.45,29.55,29.4,29.5,0.1,1871
2021-04-28,3706,18198156,547244088,29.55,30.35,29.55,30.3,0.8,7432
2021-04-29,3706,27242635,839439207,30.9,31.2,30.4,30.6,0.3,10906
2021-05-03,3706,10406560,312672058,30.6,30.75,29.75,29.75,-0.85,4563
2021-05-04,3706,12704125,368326889,29.8,29.9,28.35,28.85,-0.9,5761
2021-05-05,3706,5700135,164983282,28.9,29.2,28.65,28.8,-0.05,2473
2021-05-06,3706,5696315,164293994,28.9,29.1,28.55,28.9,0.1,2384
2021-05-07,3706,3950579,114962334,29.05,29.3,28.9,29.3,0.4,1816
2021-05-10,3706,4857230,138831421,29.3,29.3,28.9,29.0,-0.3,1685
2021-05-11,3706,9328095,269126949,29.0,29.25,28.45,28.6,-0.4,4180
2021-05-12,3706,16413945,452004337,28.45,28.6,26.45,27.45,-1.15,7201
2021-05-13,3706,8693438,233788323,26.75,27.35,26.35,27.0,-0.45,4182
2021-05-14,3706,6465626,176697405,27.3,27.6,27.05,27.45,0.45,2711
2021-05-17,3706,12394134,321408318,25.8,26.6,25.3,25.65,-1.8,5578
2021-05-18,3706,5957173,158392012,26.05,27.0,26.05,27.0,1.35,2803
2021-05-19,3706,4529809,122065112,27.0,27.3,26.65,26.95,-0.05,2073
2021-05-20,3706,3620363,97978359,27.05,27.35,26.85,27.0,0.05,1566
2021-05-21,3706,2869520,78294917,27.25,27.55,27.1,27.3,0.3,1259
2021-05-24,3706,5445385,150273928,27.35,28.0,27.25,27.9,0.6,1912
2021-05-25,3706,4650577,131156292,28.1,28.35,28.0,28.25,0.35,1886
2021-05-26,3706,2118973,59663224,28.25,28.3,28.0,28.25,0.0,979
2021-05-27,3706,3059256,85791047,28.15,28.2,27.75,28.15,-0.1,1337
2021-05-28,3706,2293144,64720539,28.3,28.3,28.1,28.2,0.05,1091
2021-05-31,3706,3271186,92276225,28.3,28.3,28.05,28.2,0.0,1378
2021-06-01,3706,5512419,156186859,28.25,28.5,28.15,28.2,0.0,1753
2021-06-02,3706,3117137,87978526,28.3,28.4,28.1,28.2,0.0,1329
2021-06-03,3706,4444612,126353781,28.25,28.65,28.1,28.65,0.45,1577
2021-06-04,3706,4046080,115833354,28.6,28.8,28.45,28.6,-0.05,1351
2021-06-07,3706,6057037,168871399,28.35,28.35,27.6,28.0,-0.6,2326
2021-06-08,3706,2079674,58033640,27.95,28.05,27.8,27.9,-0.1,1044
2021-06-09,3706,2536102,70396814,27.9,27.9,27.65,27.7,-0.2,1153
2021-06-10,3706,4180961,115023738,27.6,27.65,27.4,27.55,-0.15,1950
2021-06-11,3706,2081899,57276894,27.55,27.65,27.45,27.5,-0.05,1113
2021-06-15,3706,3125824,87158555,27.9,27.95,27.8,27.9,0.4,1376
2021-06-16,3706,2513572,69756506,27.85,27.9,27.65,27.75,-0.15,1385
2021-06-17,3706,1386847,38503154,27.6,27.9,27.55,27.9,0.15,801
2021-06-18,3706,2509264,69992047,27.85,28.05,27.75,28.0,0.1,1091
2021-06-21,3706,2452496,67749372,27.8,27.85,27.55,27.65,-0.35,1226
2021-06-22,3706,2054730,56948343,27.75,27.9,27.65,27.7,0.05,935
2021-06-23,3706,1780627,49453021,27.7,27.85,27.7,27.8,0.1,1091
2021-06-24,3706,1839176,51051107,27.8,27.85,27.7,27.8,0.0,901
2021-06-25,3706,2745771,76249593,27.85,27.85,27.7,27.75,-0.05,1158
2021-06-28,3706,2746717,76073721,27.85,27.85,27.65,27.7,-0.05,1094
2021-06-29,3706,2489927,68737995,27.75,27.8,27.5,27.55,-0.15,1254
2021-06-30,3706,2805382,77309779,27.65,27.65,27.5,27.6,0.05,1216
2021-07-01,3706,6322141,177209895,27.9,28.15,27.9,28.0,0.4,2415
2021-07-02,3706,2302263,64478238,28.0,28.1,27.9,27.9,-0.1,1213
2021-07-05,3706,2987251,83769092,28.05,28.1,27.95,28.0,0.1,1190
2021-07-06,3706,3172081,89128364,28.15,28.15,28.05,28.05,0.05,1115
2021-07-07,3706,3054414,85540460,28.0,28.1,27.95,27.95,-0.1,1150
2021-07-08,3706,2940648,82565564,28.05,28.2,27.95,28.05,0.1,1119
2021-07-09,3706,2159186,60677925,28.05,28.25,28.0,28.15,0.1,1050
2021-07-12,3706,31819220,939998815,28.55,30.45,28.45,30.45,2.3,11590
2021-07-13,3706,89005353,2741456330,30.9,31.65,29.15,29.55,-0.9,34132
2021-07-14,3706,11771911,346218198,29.8,30.0,29.15,29.25,-0.3,5040
2021-07-15,3706,7429818,218015379,29.3,29.55,29.1,29.5,0.25,3306
2021-07-16,3706,7860631,229120969,29.3,29.4,29.0,29.1,-0.4,3272
2021-07-19,3706,12213848,348131071,28.7,28.7,28.35,28.45,-0.65,5227
2021-07-20,3706,6177863,173765265,28.25,28.25,28.0,28.1,-0.35,2919
2021-07-21,3706,6481255,181205885,28.25,28.3,27.8,27.9,-0.2,3415
2021-07-22,3706,3632965,101640788,28.0,28.1,27.9,27.9,0.0,1864
2021-07-23,3706,2970791,83792280,28.0,28.35,27.9,28.25,0.35,1478
2021-07-26,3706,2380448,67225368,28.25,28.35,28.1,28.25,0.0,1097
2021-07-27,3706,7250573,208392593,28.3,29.05,28.3,28.8,0.55,2979
2021-07-28,3706,3496711,99113082,28.6,28.65,28.1,28.35,-0.45,1787
2021-07-29,3706,1541826,43934112,28.45,28.7,28.35,28.45,0.1,866
2021-07-30,3706,1970742,55837528,28.45,28.55,28.25,28.4,-0.05,928
2021-08-02,3706,1462409,41452437,28.5,28.55,28.25,28.4,0.0,829
2021-08-03,3706,1724655,49038970,28.4,28.6,28.35,28.5,0.1,801
2021-08-04,3706,1956249,56026240,28.6,28.8,28.5,28.6,0.1,961
2021-08-05,3706,1878629,53738037,28.6,28.7,28.5,28.6,0.0,901
2021-08-06,3706,2754222,79132779,28.7,28.85,28.55,28.8,0.2,1415
2021-08-09,3706,1974611,56453557,28.8,28.8,28.45,28.5,-0.3,1001
2021-08-10,3706,4041556,113398796,28.25,28.3,27.9,27.95,-0.55,1962
2021-08-11,3706,3480168,96874211,27.95,28.0,27.7,27.8,-0.15,1664
2021-08-12,3706,1823747,50931728,27.9,28.1,27.8,28.1,0.3,950
2021-08-13,3706,6651129,189159925,28.55,28.7,28.25,28.3,0.2,2697
2021-08-16,3706,4446971,124387787,28.3,28.3,27.8,27.9,-0.4,2120
2021-08-17,3706,6337424,174796731,27.85,27.85,27.4,27.5,-0.4,3464
2021-08-18,3706,3692808,101066422,27.4,27.65,27.1,27.6,0.1,2017
2021-08-19,3706,3103938,84569725,27.55,27.55,27.05,27.1,-0.5,1950
2021-08-20,3706,2318069,62593184,27.15,27.2,26.85,27.0,-0.1,1235
2021-08-23,3706,1989816,54541706,27.0,27.6,27.0,27.55,0.55,848
2021-08-24,3706,1426786,39386377,27.6,27.8,27.5,27.6,0.05,756
2021-08-25,3706,1904352,52893701,27.75,27.95,27.6,27.9,0.3,925
2021-08-26,3706,1657271,46117173,27.9,27.95,27.7,27.8,-0.1,979
2021-08-27,3706,1422020,39491015,27.8,27.85,27.65,27.75,-0.05,867
2021-08-30,3706,1622907,45097665,27.8,27.85,27.75,27.8,0.05,816
2021-08-31,3706,1607108,44737194,27.85,27.95,27.75,27.9,0.1,853
2021-09-01,3706,2449124,68733645,27.9,28.2,27.85,28.05,0.15,1105
2021-09-02,3706,4487026,126849309,28.2,28.4,28.05,28.3,0.25,2143
2021-09-03,3706,18252837,529588512,29.2,29.45,28.75,28.95,0.65,6466
2021-09-06,3706,6756947,195919665,29.25,29.3,28.75,28.8,-0.15,3225
2021-09-07,3706,3041451,87205693,28.8,28.95,28.55,28.7,-0.1,1767
2021-09-08,3706,4099331,116456231,28.7,28.7,28.25,28.3,-0.4,2204
2021-09-09,3706,1624104,46060514,28.25,28.5,28.25,28.3,0.0,1166
2021-09-10,3706,3090556,87019313,28.15,28.25,28.05,28.15,-0.15,1651
2021-09-13,3706,2833755,79558577,28.15,28.15,28.0,28.1,-0.05,1482
2021-09-14,3706,1845402,51978026,28.2,28.3,28.05,28.2,0.1,1050
2021-09-15,3706,3960587,112428719,28.2,28.55,28.15,28.3,0.1,1704
2021-09-16,3706,5216402,149599382,28.5,28.9,28.4,28.7,0.4,2080
2021-09-17,3706,7678850,220882406,28.75,28.95,28.6,28.75,0.05,2212
2021-09-22,3706,4001706,113908435,28.3,28.8,28.15,28.7,-0.05,1962
2021-09-23,3706,3720957,106542738,28.8,28.8,28.45,28.7,0.0,1759
2021-09-24,3706,8092691,234846819,28.8,29.2,28.75,29.05,0.35,3071
2021-09-27,3706,4028716,117062587,29.15,29.2,28.85,28.95,-0.1,1809
2021-09-28,3706,3504478,101312863,29.0,29.1,28.65,29.0,0.05,1743
2021-09-29,3706,3422266,97904122,28.65,28.75,28.45,28.6,-0.4,1864
2021-09-30,3706,2342332,67022559,28.7,28.7,28.5,28.65,0.05,1368
2021-10-01,3706,4398821,124048378,28.5,28.5,27.95,28.05,-0.6,2263
2021-10-04,3706,4186864,116437080,28.15,28.2,27.6,27.7,-0.35,1982
2021-10-05,3706,2761347,76375566,27.5,27.9,27.35,27.75,0.05,1415
2021-10-06,3706,1687666,46862412,27.9,27.9,27.7,27.7,-0.05,928
2021-10-07,3706,1662316,46508125,27.8,28.1,27.8,28.0,0.3,890
2021-10-08,3706,1951716,54923405,28.15,28.3,28.0,28.1,0.1,793
2021-10-12,3706,3051507,86096327,27.85,28.35,27.85,28.35,0.25,1233
2021-10-13,3706,1704855,47939493,28.4,28.4,27.95,28.0,-0.35,978
2021-10-14,3706,1338908,37467474,28.2,28.2,27.85,27.95,-0.05,680
2021-10-15,3706,1424075,40152752,28.05,28.3,28.05,28.3,0.35,752
2021-10-18,3706,1271848,35973734,28.4,28.4,28.2,28.3,0.0,633
2021-10-19,3706,1000496,28313958,28.35,28.35,28.2,28.3,0.0,666
2021-10-20,3706,1049181,29678928,28.3,28.4,28.2,28.25,-0.05,541
2021-10-21,3706,1556135,43917710,28.25,28.35,28.15,28.15,-0.1,888
2021-10-22,3706,849036,23903311,28.15,28.25,28.05,28.2,0.05,577
2021-10-25,3706,1071970,30175527,28.1,28.25,28.05,28.2,0.0,651
2021-10-26,3706,2464231,69943512,28.3,28.5,28.3,28.35,0.15,1013
2021-10-27,3706,2078099,59140761,28.35,28.55,28.35,28.55,0.2,954
2021-10-28,3706,1860189,52990787,28.55,28.6,28.35,28.6,0.05,1002
2021-10-29,3706,3018291,86442234,28.6,28.75,28.45,28.75,0.15,1379
2021-11-01,3706,2459923,70880745,28.9,28.9,28.7,28.8,0.05,1452
2021-11-02,3706,2462882,71105566,28.85,29.0,28.7,28.75,-0.05,1374
2021-11-03,3706,8140644,237276815,28.85,29.3,28.8,29.25,0.5,3423
2021-11-04,3706,4441378,129188853,29.3,29.4,28.85,28.9,-0.35,2499
2021-11-05,3706,2289096,65970270,29.0,29.05,28.7,28.9,0.0,1588
2021-11-08,3706,2319536,66869923,28.95,29.0,28.7,28.9,0.0,1381
2021-11-09,3706,3506572,101737662,28.9,29.1,28.9,29.05,0.15,1729
2021-11-10,3706,5091325,148691950,29.1,29.3,29.1,29.25,0.2,2101
2021-11-11,3706,2966856,86271764,29.0,29.2,28.9,29.1,-0.15,1357
2021-11-12,3706,18027585,536704882,29.85,30.2,29.55,29.7,0.6,6897
2021-11-15,3706,13844019,416677562,30.1,30.35,29.9,30.1,0.4,5883
2021-11-16,3706,39983662,1248288338,30.3,32.25,30.2,32.1,2.0,17097
2021-11-17,3706,37757464,1209605150,32.8,32.9,31.55,31.75,-0.35,14601
2021-11-18,3706,24167737,771218465,31.6,32.5,31.2,32.1,0.35,10534
2021-11-19,3706,92522958,3155670277,33.45,34.8,33.2,34.4,2.3,37405
2021-11-22,3706,33241856,1141973434,35.0,35.0,33.8,34.5,0.1,13865
2021-11-23,3706,16741035,570294824,34.0,34.5,33.85,33.9,-0.6,8728
2021-11-24,3706,13968950,472050644,33.95,34.15,33.5,34.0,0.1,7411
2021-11-25,3706,29263398,973458213,34.25,34.45,32.6,32.9,-1.1,16556
2021-11-26,3706,19288919,620548861,32.8,32.8,31.85,32.0,-0.9,9589
2021-11-29,3706,12910894,409064698,31.55,31.95,31.2,31.7,-0.3,6308
2021-11-30,3706,9615713,309807339,32.2,32.5,32.0,32.0,0.3,4313
2021-12-01,3706,6064538,193488904,31.7,32.2,31.6,32.15,0.15,3435
2021-12-02,3706,7138951,227386484,32.05,32.1,31.7,31.7,-0.45,4288
2021-12-03,3706,6097233,196330189,32.0,32.4,31.95,32.2,0.5,3108
2021-12-06,3706,3901244,125903773,32.3,32.4,32.05,32.3,0.1,2227
2021-12-07,3706,8387901,274270711,32.45,32.85,32.35,32.8,0.5,4747
2021-12-08,3706,7750167,253614102,33.0,33.1,32.6,32.7,-0.1,3300
2021-12-09,3706,6111423,200388569,32.75,32.95,32.65,32.75,0.05,2539
2021-12-10,3706,15846512,528041765,33.0,33.6,32.9,33.4,0.65,7423
2021-12-13,3706,28189075,962421966,34.0,34.5,33.7,34.1,0.7,13252
2021-12-14,3706,15641824,530282687,33.85,34.3,33.6,33.85,-0.25,7397
2021-12-15,3706,8212613,278332997,34.05,34.15,33.6,33.7,-0.15,5120
2021-12-16,3706,17123145,585920651,34.1,34.45,33.9,34.4,0.7,7548
2021-12-17,3706,33261374,1151114045,34.6,35.0,34.1,34.1,-0.3,15236
2021-12-20,3706,11240086,378135469,34.0,34.0,33.45,33.7,-0.4,6172
2021-12-21,3706,5034866,170302320,33.6,33.95,33.6,33.9,0.2,2601
2021-12-22,3706,4663416,158023464,34.1,34.2,33.7,33.7,-0.2,2813
2021-12-23,3706,6990802,236773754,33.9,34.05,33.65,34.0,0.3,3228
2021-12-24,3706,3972094,134621527,34.1,34.15,33.75,33.8,-0.2,2154
2021-12-27,3706,9421013,322587050,34.15,34.45,34.0,34.35,0.55,4273
2021-12-28,3706,7843024,270855392,34.7,34.8,34.35,34.5,0.15,4197
2021-12-29,3706,16913018,589448051,34.8,35.0,34.6,34.95,0.45,7279
2021-12-30,3706,15720602,551335712,35.15,35.5,34.7,35.2,0.25,7752
2022-01-03,3706,11642574,403764144,35.3,35.35,34.4,34.5,-0.7,6309
2022-01-04,3706,4310706,148863481,34.8,34.8,34.4,34.5,0.0,2655
2022-01-05,3706,4869897,167116060,34.5,34.65,34.15,34.2,-0.3,2646
2022-01-06,3706,6271936,214291186,34.0,34.5,33.9,34.45,0.25,2907
2022-01-07,3706,7249714,246360570,34.6,34.6,33.65,33.8,-0.65,3594
2022-01-10,3706,5206514,175045382,33.5,33.8,33.5,33.65,-0.15,2310
2022-01-11,3706,5273477,176212946,33.55,33.6,33.25,33.5,-0.15,3070
2022-01-12,3706,3421980,114852443,33.7,33.85,33.4,33.4,-0.1,1865
2022-01-13,3706,3378663,112986055,33.45,33.6,33.3,33.5,0.1,1619
2022-01-14,3706,7182569,237539334,33.5,33.5,32.85,33.0,-0.5,3156
2022-01-17,3706,4478391,149591005,33.05,33.6,33.0,33.6,0.6,1782
2022-01-18,3706,4544847,153575582,33.55,33.95,33.5,33.75,0.15,2189
2022-01-19,3706,3136718,105289660,33.4,33.7,33.4,33.5,-0.25,1618
2022-01-20,3706,2825832,95260056,33.5,33.8,33.5,33.75,0.25,1238
2022-01-21,3706,4609654,153750044,33.6,33.65,33.1,33.1,-0.65,2414
2022-01-24,3706,4736636,154518887,32.85,32.9,32.1,32.8,-0.3,2760
2022-01-25,3706,5028739,162636112,32.55,32.65,32.2,32.25,-0.55,2540
2022-01-26,3706,2971503,96109392,32.2,32.6,32.1,32.3,0.05,1416
2022-02-07,3706,2881772,94533577,32.55,33.05,32.55,33.0,0.7,1801
2022-02-08,3706,2667525,89130566,33.25,33.55,33.2,33.5,0.5,1612
2022-02-09,3706,2764853,92910013,33.55,33.8,33.4,33.75,0.25,1717
2022-02-10,3706,3261935,109647064,33.85,33.9,33.45,33.7,-0.05,1896
2022-02-11,3706,3147929,105935023,33.65,33.75,33.5,33.75,0.05,1622
2022-02-14,3706,4913866,165402059,33.65,33.9,33.3,33.9,0.15,2819
2022-02-15,3706,7849835,267367854,34.0,34.3,33.7,33.75,-0.15,4127
2022-02-16,3706,4490495,152903148,34.1,34.25,33.9,34.0,0.25,2276
2022-02-17,3706,5529987,188797926,34.1,34.3,33.95,34.0,0.0,2858
2022-02-18,3706,3094724,104891472,33.65,34.05,33.65,33.95,-0.05,2401
2022-02-21,3706,9259590,318362940,33.9,34.75,33.9,34.45,0.5,4608
2022-02-22,3706,6817150,231416177,34.3,34.3,33.7,33.95,-0.5,3633
2022-02-23,3706,4627751,158306348,33.9,34.4,33.9,34.3,0.35,2528
2022-02-24,3706,6023602,203625772,34.1,34.15,33.55,33.7,-0.6,3499
2022-02-25,3706,4936024,166178375,33.95,34.0,33.5,33.55,-0.15,2571
2022-03-01,3706,19027359,618095637,32.75,32.85,32.0,32.6,-0.95,9260
2022-03-02,3706,6860209,223160390,32.45,32.85,32.2,32.7,0.1,3440
2022-03-03,3706,6379842,210619178,32.9,33.1,32.85,33.05,0.35,3290
2022-03-04,3706,5035517,166300952,32.95,33.2,32.7,33.05,0.0,2669
2022-03-07,3706,7566367,245027443,32.8,32.8,32.2,32.35,-0.7,4005
2022-03-08,3706,15412254,485879880,31.85,32.0,31.1,31.2,-1.15,7268
2022-03-09,3706,5257555,164971063,31.45,31.55,31.0,31.45,0.25,2579
2022-03-10,3706,4992407,158892684,31.85,32.05,31.6,31.85,0.4,2170
2022-03-11,3706,3724477,118552352,31.75,32.05,31.7,31.75,-0.1,1894
2022-03-14,3706,3104114,99215710,31.85,32.1,31.75,32.05,0.3,1588
2022-03-15,3706,3404201,108075772,32.05,32.05,31.6,31.75,-0.3,1823
2022-03-16,3706,3521279,111859552,31.95,32.05,31.5,31.8,0.05,1900
2022-03-17,3706,3845661,122990067,32.05,32.1,31.8,32.0,0.2,1965
2022-03-18,3706,3847780,122776838,32.05,32.1,31.75,31.75,-0.25,1592
2022-03-21,3706,2870895,91911996,31.95,32.1,31.85,32.0,0.25,1581
2022-03-22,3706,3151693,101155987,32.0,32.25,31.9,32.2,0.2,1442
2022-03-23,3706,2915362,94168274,32.3,32.4,32.2,32.3,0.1,1558
2022-03-24,3706,4704087,152247648,32.25,32.55,32.15,32.5,0.2,1878
2022-03-25,3706,5808249,188488903,32.7,32.7,32.35,32.4,-0.1,1802
2022-03-28,3706,8033041,257785954,32.25,32.3,31.95,32.05,-0.35,2318
2022-03-29,3706,8658059,276808917,32.1,32.15,31.85,31.85,-0.2,2896
2022-03-30,3706,11756664,374349100,31.95,32.0,31.75,31.75,-0.1,6005
2022-03-31,3706,13883945,410535753,29.45,29.85,29.35,29.55,0.0,3971
2022-04-01,3706,6622751,193894406,29.5,29.5,29.15,29.35,-0.2,3512
2022-04-06,3706,7017298,202448287,29.1,29.15,28.75,28.9,-0.45,3617
2022-04-07,3706,6365547,181114143,28.8,28.85,28.2,28.25,-0.65,3662
2022-04-08,3706,3693505,104133548,28.25,28.4,28.1,28.2,-0.05,2092
2022-04-11,3706,4177639,118425531,28.35,28.65,28.2,28.2,0.0,2119
2022-04-12,3706,2607526,73361975,28.15,28.3,28.0,28.25,0.05,1269
2022-04-13,3706,3298339,93035865,28.35,28.35,28.15,28.2,-0.05,1731
2022-04-14,3706,2307546,65621525,28.3,28.6,28.25,28.55,0.35,1335
2022-04-15,3706,2041935,57782527,28.6,28.6,28.2,28.35,-0.2,1091
2022-04-18,3706,2066721,58146301,28.2,28.25,28.05,28.1,-0.25,1179
2022-04-19,3706,1829074,51919309,28.2,28.5,28.2,28.35,0.25,1019
2022-04-20,3706,2425058,69474107,28.45,28.85,28.4,28.75,0.4,1450
2022-04-21,3706,1954645,56240243,28.85,28.9,28.65,28.8,0.05,919
2022-04-22,3706,1232240,35297044,28.6,28.8,28.5,28.75,-0.05,821
2022-04-25,3706,3730984,104642504,28.45,28.45,27.9,27.95,-0.8,2099
2022-04-26,3706,2646534,74171966,28.0,28.2,27.95,28.0,0.05,1325
2022-04-27,3706,4773088,131898245,27.6,27.8,27.4,27.8,-0.2,1910
2022-04-28,3706,1060843,29524428,27.8,27.95,27.7,27.8,0.0,732
2022-04-29,3706,2991975,83255436,28.0,28.05,27.75,27.75,-0.05,1182
2022-05-03,3706,1556198,43414657,27.75,28.0,27.7,27.95,0.2,906
2022-05-04,3706,1703025,47773136,28.0,28.2,27.9,28.0,0.05,1050
2022-05-05,3706,2774086,78159158,28.2,28.35,28.05,28.25,0.25,1406
2022-05-06,3706,2786628,77703911,27.9,28.05,27.6,27.85,-0.4,1560
2022-05-09,3706,2276689,62771976,27.7,27.8,27.5,27.5,-0.35,1430
2022-05-10,3706,3915328,105615970,27.05,27.2,26.7,27.15,-0.35,1797
2022-05-11,3706,4675261,125197751,27.15,27.25,26.55,26.65,-0.5,2134
2022-05-12,3706,4904123,128689698,26.5,26.6,26.0,26.15,-0.5,2194
2022-05-13,3706,3089963,81742997,26.25,26.75,26.2,26.55,0.4,1755
2022-05-16,3706,2815838,75488664,26.8,27.15,26.5,26.85,0.3,1813
2022-05-17,3706,1790958,48363642,26.9,27.15,26.75,27.05,0.2,1272
2022-05-18,3706,1961887,53321806,27.0,27.4,26.95,27.2,0.15,1283
2022-05-19,3706,1796547,48204830,26.8,27.05,26.65,26.9,-0.3,1008
2022-05-20,3706,1622282,43955204,27.0,27.25,26.9,27.1,0.2,1000
2022-05-23,3706,2671117,73578160,27.4,27.75,27.25,27.6,0.5,1432
2022-05-24,3706,1447238,39843109,27.45,27.7,27.4,27.45,-0.15,970
2022-05-25,3706,1521216,41822940,27.5,27.65,27.25,27.55,0.1,1039
2022-05-26,3706,1015543,27935706,27.65,27.65,27.35,27.5,-0.05,712
2022-05-27,3706,1169478,32276721,27.55,27.7,27.5,27.6,0.1,778
2022-05-30,3706,1624803,45239029,27.7,27.95,27.65,27.85,0.25,958
2022-05-31,3706,2206075,61638373,27.9,28.05,27.7,28.0,0.15,779
2022-06-01,3706,1684097,47393467,28.0,28.25,27.95,28.15,0.15,863
2022-06-02,3706,1210178,33901089,28.05,28.1,27.95,28.0,-0.15,624
2022-06-06,3706,1305121,36453949,28.05,28.05,27.8,27.85,-0.15,785
2022-06-07,3706,1074957,30053292,27.75,28.1,27.7,28.0,0.15,596
2022-06-08,3706,1019800,28663987,28.15,28.15,28.0,28.1,0.1,628
2022-06-09,3706,949517,26598736,28.0,28.15,27.9,28.0,-0.1,621
2022-06-10,3706,1910450,53750534,28.0,28.3,27.85,28.2,0.2,1166
2022-06-13,3706,1859566,51805530,27.75,28.05,27.75,27.9,-0.3,1147
2022-06-14,3706,1688157,46729879,27.8,27.9,27.5,27.9,0.0,944
2022-06-15,3706,1650403,46329224,27.85,28.2,27.85,28.1,0.2,1061
2022-06-16,3706,1734501,48646273,28.2,28.3,27.65,27.65,-0.45,751
2022-06-17,3706,3114644,86558310,27.6,27.95,27.45,27.9,0.25,1209
2022-06-20,3706,2590522,71116668,28.1,28.1,27.05,27.2,-0.7,1298
2022-06-21,3706,10925436,312691635,27.7,28.9,27.45,28.7,1.5,6003
2022-06-22,3706,4401836,125627345,28.5,28.9,28.25,28.35,-0.35,2574
2022-06-23,3706,3407998,96570852,28.45,28.7,28.0,28.2,-0.15,2220
2022-06-24,3706,2097750,59745575,28.25,28.6,28.25,28.45,0.25,1396
2022-06-27,3706,3088396,88672055,28.65,28.8,28.55,28.8,0.35,1867
2022-06-28,3706,1425070,40628790,28.8,28.8,28.3,28.35,-0.45,937
2022-06-29,3706,1769495,49691200,28.25,28.25,28.0,28.1,-0.25,1088
2022-06-30,3706,2880834,79324324,28.0,28.0,27.3,27.45,-0.65,1748
2022-07-01,3706,2898644,78533573,27.3,27.6,26.75,26.8,-0.65,1661
2022-07-04,3706,2056971,55164700,26.8,27.1,26.6,26.75,-0.05,1001
2022-07-05,3706,1629085,44119876,27.0,27.25,26.9,27.15,0.4,984
2022-07-06,3706,1489297,40076164,27.0,27.15,26.75,26.75,-0.4,962
2022-07-07,3706,1649130,44724765,26.75,27.45,26.65,27.4,0.65,1008
2022-07-08,3706,1944467,53545046,27.3,27.7,27.25,27.4,0.0,1060
2022-07-11,3706,1461260,39632851,27.55,27.6,26.95,27.0,-0.4,900
2022-07-12,3706,1997010,52967466,26.8,26.8,26.3,26.45,-0.55,1161
2022-07-13,3706,1756013,47160118,26.8,27.0,26.7,26.8,0.35,869
2022-07-14,3706,1054039,28357215,26.7,27.1,26.55,27.1,0.3,714
2022-07-15,3706,1211179,32687490,27.05,27.15,26.8,27.0,-0.1,593
2022-07-18,3706,2476880,66846590,27.0,27.25,26.85,27.05,0.05,1292
2022-07-19,3706,1412434,38567683,27.05,27.45,26.95,27.35,0.3,828
2022-07-20,3706,2269705,62137120,27.55,27.6,27.2,27.2,-0.15,1272
2022-07-21,3706,3600928,100193291,27.45,28.1,27.45,28.05,0.85,1710
2022-07-22,3706,2613993,73815559,28.3,28.4,28.1,28.2,0.15,1433
2022-07-25,3706,1173936,32942817,28.05,28.2,27.9,28.05,-0.15,634
2022-07-26,3706,1271561,35588753,28.1,28.15,27.85,28.0,-0.05,678
2022-07-27,3706,815588,22863270,28.0,28.15,27.9,28.05,0.05,458
2022-07-28,3706,885436,24888243,28.2,28.2,28.05,28.1,0.05,584
2022-07-29,3706,905966,25467842,28.15,28.2,28.0,28.15,0.05,563
2022-08-01,3706,849294,23931143,28.15,28.3,28.0,28.15,0.0,444
2022-08-02,3706,1314761,36764355,28.15,28.15,27.8,27.95,-0.2,758
2022-08-03,3706,1092790,30457902,27.95,28.05,27.7,27.85,-0.1,482
2022-08-04,3706,1396170,38789153,27.85,28.0,27.6,28.0,0.15,846
2022-08-05,3706,2423148,68464115,28.0,28.4,28.0,28.3,0.3,1215
2022-08-08,3706,3690531,105649440,28.3,28.8,28.2,28.7,0.4,2307
2022-08-09,3706,7303888,213005143,28.85,29.45,28.7,29.45,0.75,3601
2022-08-10,3706,2556665,74883612,29.2,29.5,29.1,29.1,-0.35,1931
2022-08-11,3706,2772098,80869105,29.25,29.45,29.05,29.1,0.0,1459
2022-08-12,3706,3238402,93635337,29.1,29.1,28.7,28.9,-0.2,1944
2022-08-15,3706,3063502,88027880,29.0,29.05,28.6,28.85,-0.05,1584
2022-08-16,3706,1200061,34564225,29.0,29.0,28.7,28.75,-0.1,773
2022-08-17,3706,2095745,59983365,28.8,28.85,28.55,28.55,-0.2,1280
2022-08-18,3706,1518438,43434379,28.5,28.75,28.4,28.7,0.15,741
2022-08-19,3706,1308175,37740122,28.75,28.95,28.7,28.9,0.2,724
2022-08-22,3706,1195266,34449765,28.9,28.95,28.75,28.75,-0.15,844
2022-08-23,3706,1254567,35828208,28.65,28.65,28.5,28.5,-0.25,891
2022-08-24,3706,1136030,32354102,28.55,28.6,28.4,28.4,-0.1,685
2022-08-25,3706,1907092,54230999,28.4,28.65,28.35,28.35,-0.05,1346
2022-08-26,3706,5833953,165760263,28.55,28.6,28.35,28.4,0.05,935
2022-08-29,3706,2443860,68265809,28.05,28.1,27.8,27.9,-0.5,1334
2022-08-30,3706,1198559,33672336,27.95,28.2,27.95,28.05,0.15,641
2022-08-31,3706,1431675,40225297,28.0,28.2,27.95,28.1,0.05,843
2022-09-01,3706,2134122,59617958,28.05,28.1,27.8,27.8,-0.3,1209
2022-09-02,3706,1361058,38042864,27.9,28.05,27.8,27.8,0.0,797
2022-09-05,3706,1137227,31666060,27.95,28.0,27.7,27.75,-0.05,649
2022-09-06,3706,4977798,136478658,27.8,27.9,27.35,27.35,-0.4,1199
2022-09-07,3706,6226586,168810502,27.35,27.35,27.05,27.1,-0.25,1205
2022-09-08,3706,4457713,124796976,27.25,28.45,27.15,28.1,1.0,2816
2022-09-12,3706,1135388,31905371,28.1,28.2,27.95,28.1,0.0,935
2022-09-13,3706,831446,23476699,28.2,28.35,28.1,28.25,0.15,581
2022-09-14,3706,1304097,36460357,27.75,28.1,27.7,28.0,-0.25,758
2022-09-15,3706,749880,21044520,27.95,28.2,27.95,28.0,0.0,494
2022-09-16,3706,1740227,48438999,28.0,28.1,27.7,27.7,-0.3,861
2022-09-19,3706,949935,26447204,27.8,28.0,27.75,27.75,0.05,711
2022-09-20,3706,814287,22680172,27.85,27.95,27.75,27.75,0.0,611
2022-09-21,3706,1497155,41439054,27.75,27.85,27.5,27.65,-0.1,907
2022-09-22,3706,1196475,32848895,27.4,27.6,27.25,27.5,-0.15,849
2022-09-23,3706,759773,20922107,27.5,27.7,27.35,27.35,-0.15,510
2022-09-26,3706,3697019,98754712,27.2,27.2,26.5,26.5,-0.85,2199
2022-09-27,3706,1441225,38181955,26.65,26.7,26.35,26.6,0.1,912
2022-09-28,3706,2020069,53018284,26.6,26.65,26.1,26.15,-0.45,1325
2022-09-29,3706,4576473,123903543,26.4,27.5,26.35,27.15,1.0,3217
2022-09-30,3706,1497789,40326983,26.8,27.15,26.75,27.0,-0.15,1190
2022-10-03,3706,811323,21771902,26.65,27.0,26.65,26.9,-0.1,686
2022-10-04,3706,1227151,33463502,27.15,27.6,27.0,27.3,0.4,695
2022-10-05,3706,1187605,32573696,27.5,27.6,27.35,27.4,0.1,767
2022-10-06,3706,596260,16321546,27.45,27.5,27.3,27.3,-0.1,453
2022-10-07,3706,890127,24374926,27.25,27.55,27.25,27.45,0.15,660
2022-10-11,3706,1897757,50796944,27.05,27.05,26.6,26.7,-0.75,1277
2022-10-12,3706,999148,26651823,26.7,26.85,26.55,26.75,0.05,605
2022-10-13,3706,1683445,44463029,26.7,26.75,26.15,26.25,-0.5,1107
2022-10-14,3706,1044969,27840801,26.45,26.8,26.45,26.55,0.3,557
2022-10-17,3706,1118312,29444306,26.35,26.5,26.2,26.4,-0.15,661
2022-10-18,3706,891321,23761648,26.7,26.8,26.5,26.65,0.25,534
2022-10-19,3706,1615522,43488185,26.9,27.2,26.7,26.75,0.1,950
2022-10-20,3706,998034,26423572,26.7,26.7,26.4,26.5,-0.25,692
2022-10-21,3706,647205,17146616,26.45,26.6,26.3,26.45,-0.05,352
2022-10-24,3706,615259,16420942,26.7,26.85,26.55,26.55,0.1,451
2022-10-25,3706,772968,20591491,26.7,26.8,26.5,26.55,0.0,539
2022-10-26,3706,850004,22723518,26.6,26.85,26.5,26.8,0.25,556
2022-10-27,3706,905855,24397779,26.9,27.0,26.8,27.0,0.2,507
2022-10-28,3706,611722,16373614,27.0,27.0,26.7,26.7,-0.3,334
2022-10-31,3706,934273,25283991,26.9,27.15,26.85,27.1,0.4,622
2022-11-01,3706,1088418,29644179,27.1,27.3,27.0,27.25,0.15,579
2022-11-02,3706,914953,25067700,27.25,27.5,27.2,27.35,0.1,775
2022-11-03,3706,528067,14406555,27.2,27.4,27.2,27.3,-0.05,349
2022-11-04,3706,918129,25238095,27.25,27.6,27.25,27.6,0.3,561
2022-11-07,3706,1138943,31489144,27.65,27.8,27.55,27.7,0.1,631
2022-11-08,3706,1260751,35053465,27.8,27.95,27.7,27.85,0.15,691
2022-11-09,3706,7687269,219130166,28.6,28.95,28.25,28.3,0.45,3556
2022-11-10,3706,2112469,59581165,28.2,28.4,28.1,28.3,0.0,1249
2022-11-11,3706,5289721,151649279,28.85,29.0,28.4,28.6,0.3,2469
2022-11-14,3706,4269743,123172533,28.75,29.0,28.65,28.85,0.25,2270
2022-11-15,3706,2622549,75659743,28.95,29.0,28.7,28.85,0.0,1339
2022-11-16,3706,5851067,170630941,29.0,29.4,28.85,29.15,0.3,2888
2022-11-17,3706,2286291,66873998,29.4,29.4,29.1,29.2,0.05,1189
2022-11-18,3706,2577606,75153933,29.3,29.35,28.9,28.95,-0.25,1167
2022-11-21,3706,1275000,37052946,29.0,29.15,28.9,29.05,0.1,846
2022-11-22,3706,2009596,58553543,29.05,29.25,29.0,29.2,0.15,1006
2022-11-23,3706,1750818,51269732,29.3,29.35,29.2,29.25,0.05,946
2022-11-24,3706,1460249,42758432,29.35,29.35,29.2,29.3,0.05,875
2022-11-25,3706,2381886,69876553,29.3,29.4,29.25,29.3,0.0,1108
2022-11-28,3706,2292724,67273631,29.15,29.5,29.15,29.5,0.2,1126
2022-11-29,3706,2047841,60304775,29.5,29.6,29.3,29.6,0.1,1107
2022-11-30,3706,2503112,74403907,29.6,29.8,29.55,29.75,0.15,1405
2022-12-01,3706,3370311,100936247,29.9,30.1,29.75,29.95,0.2,1975
2022-12-02,3706,1624306,48677689,29.9,30.1,29.9,29.95,0.0,926
2022-12-05,3706,2828664,84322809,30.0,30.0,29.65,29.7,-0.25,1649
2022-12-06,3706,3467407,102072290,29.7,29.7,29.2,29.2,-0.5,1622
2022-12-07,3706,2260440,65660553,29.25,29.4,28.8,29.0,-0.2,1090
2022-12-08,3706,816944,23784356,29.0,29.25,28.9,29.2,0.2,577
2022-12-09,3706,995946,29140764,29.3,29.4,29.2,29.3,0.1,531
2022-12-12,3706,970025,28386212,29.25,29.5,29.0,29.45,0.15,677
2022-12-13,3706,1661644,49071767,29.5,29.65,29.3,29.65,0.2,1012
2022-12-14,3706,2740274,81423129,29.75,29.95,29.5,29.75,0.1,1499
2022-12-15,3706,915108,27116207,29.4,29.75,29.4,29.7,-0.05,682
2022-12-16,3706,4413280,130238782,29.3,29.7,29.15,29.4,-0.3,2101
2022-12-19,3706,8139623,243593509,29.45,30.05,29.35,29.75,0.35,4210
2022-12-20,3706,6559049,196775680,29.95,30.4,29.6,29.6,-0.15,3791
2022-12-21,3706,3184393,95165482,29.75,30.0,29.75,29.75,0.15,1882
2022-12-22,3706,3559529,106399999,30.1,30.1,29.75,29.75,0.0,2154
2022-12-23,3706,1384460,40893923,29.6,29.7,29.45,29.7,-0.05,829
2022-12-26,3706,800040,23655690,29.65,29.7,29.5,29.55,-0.15,515
2022-12-27,3706,616865,18268124,29.7,29.75,29.5,29.6,0.05,439
2022-12-28,3706,1400515,40998172,29.5,29.5,29.1,29.15,-0.45,948
2022-12-29,3706,3186554,93789712,29.0,29.85,28.8,29.7,0.55,2102
2022-12-30,3706,4847158,144644225,29.7,30.1,29.5,29.5,-0.2,2492
2023-01-03,3706,899222,26575247,29.5,29.65,29.45,29.6,0.1,575
2023-01-04,3706,722841,21358191,29.5,29.65,29.5,29.5,-0.1,498
2023-01-05,3706,1033609,30539964,29.7,29.7,29.45,29.5,0.0,620
2023-01-06,3706,774802,22844185,29.5,29.6,29.4,29.5,0.0,451
2023-01-09,3706,1155110,34272326,29.7,29.75,29.6,29.75,0.25,741
2023-01-10,3706,3867523,116529329,29.9,30.35,29.9,30.1,0.35,2033
2023-01-11,3706,1488341,44910241,30.2,30.25,30.1,30.1,0.0,1135
2023-01-12,3706,1116577,33706935,30.3,30.3,30.1,30.15,0.05,770
2023-01-13,3706,1632006,49297888,30.25,30.4,30.05,30.05,-0.1,938
2023-01-16,3706,1189970,35691074,30.2,30.2,29.9,29.9,-0.15,722
2023-01-17,3706,1059830,31783440,29.9,30.05,29.9,30.0,0.1,632
2023-01-30,3706,2436607,73672261,30.15,30.35,30.1,30.3,0.3,1380
2023-01-31,3706,4485457,137181486,30.35,30.8,30.35,30.8,0.5,2230
2023-02-01,3706,2372667,72994294,30.6,31.0,30.6,30.75,-0.05,1416
2023-02-02,3706,2303487,71092399,30.9,31.0,30.7,30.85,0.1,1407
2023-02-03,3706,4751835,148134867,30.9,31.4,30.8,31.4,0.55,2384
2023-02-06,3706,2912767,91606880,31.4,31.55,31.35,31.5,0.1,1842
2023-02-07,3706,5836374,185637788,31.55,31.95,31.55,31.85,0.35,2874
2023-02-08,3706,3715592,118516263,31.95,32.1,31.7,31.85,0.0,2079
2023-02-09,3706,7028216,217976312,31.5,31.5,30.75,30.9,-0.95,3779
2023-02-10,3706,2359133,72487571,30.9,30.95,30.6,30.8,-0.1,1306
2023-02-13,3706,1265594,38787884,30.65,30.8,30.5,30.7,-0.1,895
2023-02-14,3706,1764923,54686693,30.8,31.1,30.75,31.05,0.35,1048
2023-02-15,3706,2853352,87858928,31.1,31.1,30.6,30.75,-0.3,1993
2023-02-16,3706,1064818,32900690,30.8,31.0,30.8,30.9,0.15,770
2023-02-17,3706,992067,30575668,30.8,30.9,30.7,30.85,-0.05,709
2023-02-20,3706,1265323,39136644,30.85,31.05,30.8,30.95,0.1,749
2023-02-21,3706,1355189,42001887,30.9,31.1,30.85,31.1,0.15,790
2023-02-22,3706,1730026,53452156,30.9,31.05,30.7,31.0,-0.1,949
2023-02-23,3706,2563245,80077493,31.0,31.35,31.0,31.2,0.2,1230
2023-02-24,3706,4907660,154728145,31.35,31.7,31.25,31.6,0.4,2314
2023-03-01,3706,12177962,359819451,30.0,30.0,29.3,29.5,-2.1,6370
2023-03-02,3706,5453819,159747447,29.5,29.5,29.1,29.45,-0.05,2850
2023-03-03,3706,3933868,115562209,29.5,29.6,29.3,29.35,-0.1,1989
2023-03-06,3706,4667432,136716707,29.3,29.4,29.2,29.35,0.0,2713
2023-03-07,3706,4285574,125391479,29.3,29.35,29.15,29.35,0.0,2279
2023-03-08,3706,4496916,131198799,29.2,29.3,29.1,29.15,-0.2,2710
2023-03-09,3706,5679837,164982545,29.1,29.15,29.0,29.05,-0.1,2985
2023-03-10,3706,5464328,156991873,28.9,28.9,28.6,28.65,-0.4,3212
2023-03-13,3706,3456231,97978837,28.5,28.55,28.2,28.5,-0.15,2175
2023-03-14,3706,3034836,85733631,28.35,28.35,28.15,28.25,-0.25,2335
2023-03-15,3706,2382760,67390433,28.3,28.4,28.2,28.2,-0.05,1936
2023-03-16,3706,3408033,95251957,28.1,28.1,27.85,27.9,-0.3,2553
2023-03-17,3706,2747593,77077762,28.0,28.15,28.0,28.0,0.1,1374
2023-03-20,3706,1848942,52373803,28.2,28.45,28.15,28.35,0.35,1224
2023-03-21,3706,1938431,55258868,28.45,28.6,28.35,28.55,0.2,1398
2023-03-22,3706,2778446,79864597,28.7,28.9,28.6,28.8,0.25,1597
2023-03-23,3706,3305430,94517061,28.8,28.8,28.5,28.6,-0.2,2176
2023-03-24,3706,3119998,89535318,28.6,28.75,28.6,28.7,0.1,1159
2023-03-27,3706,3624646,104000409,28.75,28.8,28.65,28.65,-0.05,1510
2023-03-28,3706,5170363,147444027,28.6,28.65,28.45,28.5,-0.15,2272
